#	src		tau		Center		wid(FWHM)	Tex		Tex_err		N(OH)1665[e14]	NOH_err
====================================================================================================================================
2	3C105		0.0155997557	8.1386388244	0.9459156304	5.170145051	1.8848851474	0.2568528438	0.09364151
2	3C105		0.0061841201	10.2199781566	0.9302108745	10.0763129525	4.8219299473	0.1973883688	0.0944598544
3	3C109		0.0022597257	9.1514030722	1.0276440836	17.9375456418	13.6470555947	0.1340333047	0.1019785407
3	3C109		0.0035800805	10.4452699632	0.9795748293	12.8403614827	5.4269667743	0.1611089239	0.0680970691
6	3C123		0.0190990928	3.6491080742	1.1854177463	12.8617451838	3.4117369216	1.1358292289	0.3013124496
6	3C123		0.0431219087	4.4325061031	0.5269931915	9.4891989417	0.7920502334	0.917150424	0.0765743741
6	3C123		0.0337410815	5.3651164224	0.9148723115	13.2546606462	4.3162430808	1.4462339553	0.4709628366
7	3C131		0.0069960986	4.5898113747	0.5987688382	11.6385588811	3.4649836183	0.1936901363	0.057667662
7	3C131		0.005251011	5.7687404052	0.8036710303	11.876593838	4.9579875102	0.2017434362	0.0842221995
7	3C131		0.0209583502	6.5636570292	0.4496326914	5.6257354674	0.6777599986	0.2091494477	0.0251983439
7	3C131		0.0570464116	7.2272380784	0.6158920594	5.7374529706	0.6206471126	0.6775387482	0.0732931146
8	3C132		0.0032659482	7.8246746328	0.8989568346	14.5264219425	5.420848084	0.1165883397	0.043511708
9	3C133		0.1008097001	7.6637438792	0.5276812082	4.2043846276	0.4388275587	0.8609216006	0.0898577943
9	3C133		0.0148657571	7.936197367	1.2220986071	6.7975388193	3.0610739138	1.8598447268	0.8375270734
14	3C154		0.0265804815	-2.3249473111	0.7438684591	1.5649011697	1.9493493394	0.1093853385	0.1362580173
14	3C154		0.0099862533	-1.3865469853	0.8328039076	3.0458906322	5.0857208391	0.1054149833	0.176011493
14	3C154		0.0037664477	2.2280598346	1.137244801	2.3769311054	6.6719222536	0.0377609223	0.1059931579
16	3C167		0.0106248862	18.4558627996	1.4895221494	11.2391767614	1.7687196818	0.1880896141	0.0297003816
18	3C18		0.0030646925	-8.5194477705	2.6370472206	5.6940890762	6.9132040992	0.235979007	0.2865029666
18	3C18		0.0055772659	-7.8215914826	0.6725647389	3.9009095823	3.7358534176	0.0684572006	0.0655608378
22	3C207		0.0150490567	4.547230854	0.7601312972	1.3288277422	1.6947588809	0.0502488205	0.0640862979
52	3C409		0.0058434328	14.5872909762	1.679392849	8.1461498551	7.4234349418	0.6036029954	0.5500524292
52	3C409		0.0204200739	15.3986904576	0.8942940452	1.9143597047	2.3911065728	0.1389566346	0.1735620349
53	3C410		0.0120228976	6.247627036	1.0100094329	8.5532687464	3.934417957	0.3601661646	0.1656731939
53	3C410		0.0042077213	10.7057421926	0.6780676901	10.9619253319	6.2037741039	0.1289883143	0.0730003441
53	3C410		0.0052167411	11.6633523987	0.8289970778	5.2493269116	4.6849971053	0.0881022886	0.0786310687
54	3C454.3		0.0012467386	-10.6444491625	0.6828200339	0.0		0.0		0.0		0.0
54	3C454.3		0.0026511227	-9.4943481271	1.0240290769	3.8400383521	9.0988056935	0.0361358712	0.0856224314
59	3C75		0.0070825597	-10.3587403008	1.2965315005	0.8018071894	5.545111407	0.0247886703	0.1714326716
69	4C13.67		0.0464410248	4.8524472583	1.1035424991	6.0090890578	1.9817995968	0.977568422	0.3224319042
74	4C22.12		0.0058133906	-2.8380195248	0.7876164837	2.4598667454	5.1039804926	0.0376233164	0.0780652084
74	4C22.12		0.0172051335	-1.780197441	0.5582443846	1.7013166731	2.2526975368	0.0542754904	0.071865953
79	G196.6+0.2	0.0044000345	3.325824638	2.3619212295	8.2723961354	7.2499183434	0.206566597	0.1810392138
79	G196.6+0.2	0.0020757238	10.7301990408	1.0823616383	27.4450177594	2.7819162996	0.073467873	0.0075723164
80	G197.0+1.1	0.0125687529	4.8332656469	1.8805987135	8.1318583718	3.8309230211	0.6380683544	0.3005967444
80	G197.0+1.1	0.0058516127	7.4552897441	0.6486745121	6.4199129282	4.5134751106	0.0716141979	0.0503504005
80	G197.0+1.1	0.0048966943	17.0058495211	2.4678464699	14.5166711408	7.2399456134	0.6263910437	0.3124101002
80	G197.0+1.1	0.0051847025	17.5935113651	0.2465448181	11.4932799607	2.3221797004	0.0982260908	0.0198565722
80	G197.0+1.1	0.0237429446	32.0104856722	0.5680184361	5.2953339131	2.029145345	0.227078706	0.0870164177
87	P0428+20	0.0014406617	3.5988409886	1.0123266046	10.1206476036	4.5776381724	0.0446225473	0.0201856039
87	P0428+20	0.0075433912	10.7028022288	1.0918119644	12.2761633302	3.4079021276	0.3418146264	0.094890409
94	T0526+24	0.0171883314	7.5524145941	1.9014837034	10.1856544529	0.9222102719	0.4398845735	0.0403669253
96	T0629+10	0.005	0.35	1.1	1.5403269759	3.5460864055	0.0448467352	0.103244629
96	T0629+10	0.0168	1.43	1.42	1.4795711285	2.1463970748	0.1229880553	0.1784174191
96	T0629+10	0.163	3.5827	0.751	3.7972008634	0.5605810475	1.659400896	0.2449775804
96	T0629+10	0.081	4.626	0.7289	6.1007168051	0.883496434	1.1581693459	0.1677246547
96	T0629+10	0.0749	6.07	0.76	4.9564266258	1.1467248095	1.0030852576	0.2320751918
96	T0629+10	0.037	6.87	0.48588	4.2757115741	0.5379727491	0.377230023	0.047463746
96	T0629+10	0.017	7.9043	0.7586	2.9078956027	1.7416466848	0.1316805244	0.0788685428
