#	src		tau		Center		wid(FWHM)	Tex		Tex_err		N(OH)1665[e14]	NOH_err
====================================================================================================================================
2	3C105		0.015599757	8.1386388223	0.9459157359	5.170145051	1.8848851474	0.1541117618	0.0561849009
2	3C105		0.0061841217	10.2199781689	0.9302113006	10.0763129525	4.8219299473	0.118433064	0.0566758445
3	3C109		0.0022597293	9.151402644	1.0276431792	17.9375456418	13.6470555947	0.0804200118	0.0611871152
3	3C109		0.0035800811	10.4452699251	0.9795760215	12.8403614827	5.4269667743	0.0966653892	0.0408582262
6	3C123		0.0190990932	3.6491077028	1.1854169131	12.8617451838	3.4117369216	0.6814977829	0.180783924
6	3C123		0.0431219245	4.4325060724	0.5269933107	9.4891989417	0.7920502334	0.5502904526	0.0459407738
6	3C123		0.0337410829	5.3651164192	0.9148722621	13.2546606462	4.3162430808	0.8677406858	0.2825756569
7	3C131		0.0069960987	4.5898114576	0.5987689397	11.6385588811	3.4649836183	0.1162141236	0.0346005895
7	3C131		0.0052510147	5.7687400818	0.8036693743	11.876593838	4.9579875102	0.1210461053	0.0505333203
7	3C131		0.0209583544	6.5636569876	0.4496328635	5.6257354674	0.6777599986	0.1254897138	0.0151190046
7	3C131		0.0570464107	7.2272380912	0.6158920381	5.7374529706	0.6206471126	0.4065233954	0.0439758807
8	3C132		0.0032659483	7.8246746225	0.8989561742	14.5264219425	5.420848084	0.069953029	0.0261066145
9	3C133		0.1008097069	7.663743881	0.5276812391	4.2043846276	0.4388275587	0.5165531464	0.0539146961
9	3C133		0.01486575	7.9361975138	1.2220986635	6.7975388193	3.0610739138	1.1159072381	0.5025164252
14	3C154		0.0265804808	-2.3249473028	0.7438684934	1.5649011697	1.9493493394	0.0656312268	0.081754834
14	3C154		0.0099862526	-1.3865469756	0.8328038604	3.0458906322	5.0857208391	0.0632490128	0.1056069153
14	3C154		0.003766447	2.2280597764	1.1372447188	1.5362205511	7.1079716628	0.0152793163	0.0706962374
16	3C167		0.0106248818	18.4558631314	1.4895211666	11.2391767614	1.7687196818	0.1128538091	0.0178187709
18	3C18		0.0030646916	-8.5194484201	2.6370459999	5.6940890762	6.9132040992	0.1415874552	0.1719018206
18	3C18		0.0055772696	-7.8215914345	0.6725649634	3.9009095823	3.7358534176	0.0410743351	0.039336506
22	3C207		0.015049057	4.5472308537	0.7601313295	1.3288277422	1.6947588809	0.0301493031	0.0384517922
52	3C409		0.0058434344	14.5872914487	1.679393891	8.1461498551	7.4234349418	0.3621619277	0.3300315576
52	3C409		0.020420069	15.3986904548	0.894293985	1.9143597047	2.3911065728	0.0833740108	0.1041372566
53	3C410		0.0120228972	6.2476270385	1.010009514	8.5532687464	3.934417957	0.2160997766	0.0994039521
53	3C410		0.0042077244	10.7057425348	0.6780681283	10.9619253319	6.2037741039	0.0773930165	0.0438002221
53	3C410		0.005216742	11.6633526596	0.8289961025	5.2493269116	4.6849971053	0.0528613922	0.0471786582
54	3C454.3		0.00124674	-10.6444492721	0.6828203796	0.0		0.0		0.0		0.0
54	3C454.3		0.0026511223	-9.4943480399	1.024029426	3.8400383521	9.0988056935	0.0216815305	0.0513734755
59	3C75		0.0070825592	-10.358740287	1.2965313484	0.8018071894	5.545111407	0.0148732075	0.1028596396
69	4C13.67		0.0464410243	4.8524472661	1.1035425958	6.0090890578	1.9817995968	0.5865412645	0.193457005
74	4C22.12		0.0058133829	-2.8380196297	0.7876157161	2.4598667454	5.1039804926	0.022573998	0.046839133
74	4C22.12		0.01720513	-1.7801975029	0.5582443537	1.7013166731	2.2526975368	0.032565306	0.0431195827
79	G196.6+0.2	0.0044000342	3.3258245282	2.3619239308	8.2723961354	7.2499183434	0.1239400028	0.1086235259
79	G196.6+0.2	0.002075727	10.7301990196	1.0823654993	27.4450177594	2.7819162996	0.0440807397	0.0045422414
80	G197.0+1.1	0.0125687537	4.8332656739	1.880598353	8.1318583718	3.8309230211	0.3828411506	0.1803580814
80	G197.0+1.1	0.0058516151	7.4552897788	0.6486740125	6.4199129282	4.5134751106	0.0429685342	0.030210219
80	G197.0+1.1	0.0048966967	17.0058501272	2.4678455381	14.5166711408	7.2399456134	0.3758347617	0.1874460251
80	G197.0+1.1	0.00518471	17.5935112436	0.2465438329	11.4932799607	2.3221797004	0.0589356757	0.0119138171
80	G197.0+1.1	0.023742945	32.010485674	0.568018422	5.2953339131	2.029145345	0.1362472727	0.0522098568
87	P0428+20	0.0014406605	3.5988410983	1.012329763	10.1206476036	4.5776381724	0.026773538	0.0121113402
87	P0428+20	0.0075433911	10.7028022495	1.0918119486	12.2761633302	3.4079021276	0.2050888497	0.0569342493
94	T0526+24	0.0171883335	7.5524145854	1.9014850255	10.1856544529	0.9222102719	0.2639308392	0.0242079125
96	T0629+10	0.0104961051	1.0988414882	1.2504961409	0.9007760019	2.7613419631	0.0363720963	0.1114991993
96	T0629+10	0.043338342	4.2217201959	3.3298884687	5.8310466279	2.0305207719	3.3097181731	1.1525292788
96	T0629+10	0.145165194	3.5615885607	0.5923055386	3.6728345961	0.3397299411	0.8546031823	0.0790491918
96	T0629+10	0.050297537	4.6449403701	0.3531188526	5.3760020771	0.2962023605	0.367235998	0.020234057
96	T0629+10	0.0641363666	6.1182027494	0.6182623668	4.5108523437	0.6762352044	0.47894936	0.0718008575
96	T0629+10	0.0408000948	6.9167426293	0.6257288466	4.2100038907	0.6549719063	0.2666987852	0.041491915
96	T0629+10	0.0162625829	7.9595573266	0.6967334409	3.0428310777	1.7709836492	0.0765093622	0.044529973
