#	src		tau		Center		wid(FWHM)	Tex		Tex_err		N(OH)1665[e14]	NOH_err
====================================================================================================================================
2	3C105		0.015599757	8.1386388223	0.9459157359	5.1702290436	2.4504840349	0.0726109859	0.0349694725
2	3C105		0.0061841217	10.2199781689	0.9302113006	10.076495317	6.1513003732	0.0560311497	0.0342578406
3	3C109		0.0022597293	9.151402644	1.0276431792	17.9377534494	20.047421979	0.1102490448	0.1232858221
3	3C109		0.0035800811	10.4452699251	0.9795760215	12.8405053131	13.4134255566	0.0921757564	0.0963741888
6	3C123		0.0190990932	3.6491077028	1.1854169131	12.8617596009	12.2675888201	1.0802149456	1.0669066648
6	3C123		0.0431219245	4.4325060724	0.5269933107	9.4896387401	5.566274348	0.2199582428	0.1299574677
6	3C123		0.0337410829	5.3651164192	0.9148722621	13.2545740896	8.6849751339	0.1449595509	0.0951096311
7	3C131		0.0069960987	4.5898114576	0.5987689397	11.6388561211	5.2717998883	0.4489684359	0.2290891874
7	3C131		0.0052510147	5.7687400818	0.8036693743	11.876841622	6.3552955102	1.1208247472	0.8801370521
7	3C131		0.0209583544	6.5636569876	0.4496328635	5.6258605999	1.4873131932	0.0725139962	0.0199990552
7	3C131		0.0570464107	7.2272380912	0.6158920381	5.7374937164	0.7158019096	0.0419760406	0.0055632504
8	3C132		0.0032659483	7.8246746225	0.8989561742	14.5259229674	18.2509766286	0.0571892584	0.071868345
9	3C133		0.1008097069	7.663743881	0.5276812391	4.2043504862	0.4548849717	0.0451855139	0.0057049525
9	3C133		0.01486575	7.9361975138	1.2220986635	6.7974067528	1.577665684	0.1351730215	0.0353411128
14	3C154		0.0265804808	-2.3249473028	0.7438684934	1.5647547591	3.344328889	0.0085331344	0.018240013
14	3C154		0.0099862526	-1.3865469756	0.8328038604	3.0456007666	7.4566914326	0.0225586444	0.0552409132
14	3C154		0.003766447	2.2280597764	1.1372447188	1.5354353869	19.0949905417	0.0111171764	0.1382563779
16	3C167		0.0106248818	18.4558631314	1.4895211666	11.2392043243	9.274401375	0.1298638307	0.1075636866
18	3C18		0.0030646916	-8.5194484201	2.6370459999	5.6943383114	11.566571439	0.1867401079	0.381139111
18	3C18		0.0055772696	-7.8215914345	0.6725649634	3.9010624196	5.6276180095	0.0258907999	0.0373644089
22	3C207		0.015049057	4.5472308537	0.7601313295	1.3289407236	1.785924751	0.0199257108	0.0268394009
52	3C409		0.0058434344	14.5872914487	1.679393891	8.1457305608	8.6110660455	0.5021341869	0.5633805541
52	3C409		0.020420069	15.3986904548	0.894293985	1.9143644456	3.1290606128	0.0184810948	0.0302273119
53	3C410		0.0120228972	6.2476270385	1.010009514	8.5539534544	5.6413423158	0.0517923143	0.0342109204
53	3C410		0.0042077244	10.7057425348	0.6780681283	10.9625184898	13.1337286577	0.0974993538	0.11692965
53	3C410		0.005216742	11.6633526596	0.8289961025	5.2506966155	10.6500457921	0.0378991667	0.0768894541
54	3C454.3		0.00124674	-10.6444492721	0.6828203796	0.0		0.0		0.0		0.0
54	3C454.3		0.0026511223	-9.4943480399	1.024029426	3.8378071466	18.5713912093	0.0162089112	0.0784370483
59	3C75		0.0070825592	-10.358740287	1.2965313484	0.802028721	7.9343330693	0.012510858	0.1237735395
69	4C13.67		0.0464410243	4.8524472661	1.1035425958	6.0090951249	6.2236116487	0.3421279569	0.3739111294
74	4C22.12		0.0058133829	-2.8380196297	0.7876157161	2.4598916524	12.3737370075	0.0408658666	0.2056049758
74	4C22.12		0.01720513	-1.7801975029	0.5582443537	1.7013099789	5.7937978524	0.0275677848	0.0939213818
79	G196.6+0.2	0.0044000342	3.3258245282	2.3619239308	8.2722088099	18.8530273121	0.1189051568	0.2711951904
79	G196.6+0.2	0.002075727	10.7301990196	1.0823654993	27.4448169951	22.5952784838	0.036736031	0.0302464976
80	G197.0+1.1	0.0125687537	4.8332656739	1.880598353	8.1319289749	8.121674794	0.173689086	0.1749384966
80	G197.0+1.1	0.0058516151	7.4552897788	0.6486740125	6.4201088766	15.8551351532	0.0623696674	0.1540728795
80	G197.0+1.1	0.0048966967	17.0058501272	2.4678455381	14.5168071331	17.7932535909	0.7119028482	0.8980209559
80	G197.0+1.1	0.00518471	17.5935112436	0.2465438329	11.4934297274	10.9001898393	0.1255781869	0.119388872
80	G197.0+1.1	0.023742945	32.010485674	0.568018422	5.2953474182	4.1990755346	0.0449770693	0.0357421014
87	P0428+20	0.0014406605	3.5988410983	1.012329763	10.1203633257	13.483957905	0.0555130687	0.073986478
87	P0428+20	0.0075433911	10.7028022495	1.0918119486	12.2761950686	4.5263205502	0.1891467484	0.0719444976
94	T0526+24	0.0171883335	7.5524145854	1.9014850255	10.1856556833	6.5230957148	0.2510787902	0.1656012053
96	T0629+10	0.0104961051	1.0988414882	1.2504961409	0.9007747137	3.3184775927	0.156831033	0.6010518085
96	T0629+10	0.043338342	4.2217201959	3.3298884687	5.831049386	0.7244623743	2.4552603032	6.2798000915
96	T0629+10	0.145165194	3.5615885607	0.5923055386	3.6728361897	0.2586708275	0.4258537669	0.3010750297
96	T0629+10	0.050297537	4.6449403701	0.3531188526	5.3760014657	0.4680171226	0.2013309596	0.0489917837
96	T0629+10	0.0641363666	6.1182027494	0.6182623668	4.5108535075	0.5426932567	0.0992810932	0.0178491741
96	T0629+10	0.0408000948	6.9167426293	0.6257288466	4.2099987878	0.9072901505	0.1044464683	0.0274590305
96	T0629+10	0.0162625829	7.9595573266	0.6967334409	3.042860145	2.485188662	0.0415088864	0.0340755402
