#	src		tau			Center		wid(FWHM)	tau (again)		Tex		N(OH)1665
======================================================================================================================================	
2	3C105		0.0155997560151		8.13863882387	0.945915627135	0.0155997560151		4.83577170333	0.182186673771
2	3C105		0.00618412198099	10.2199781483	0.930210634182	0.00618412198099	10.0689813094	0.14788546565
3	3C109		0.00225972269205	9.15140439683	1.02765009923	0.00225972269205	17.8413123775	0.105781037801
3	3C109		0.00358007983304	10.4452710605	0.979573298341	0.00358007983304	13.3931931508	0.119920765654
6	3C123		0.0190990942292		3.64910804752	1.18541759796	0.0190990942292		-13.7994637437	-0.797676802472
6	3C123		0.0431219115761		4.43250609519	0.526993152748	0.0431219115761		-15.2072710818	-0.882337781021
6	3C123		0.0337410812639		5.36511640231	0.914872344708	0.0337410812639		-12.0341375202	-0.948451388375
7	3C131		0.00699609816292	4.58981138995	0.598769107382	0.00699609816292	12.3513574486	0.132102361517
7	3C131		0.00525101391991	5.76874034513	0.803670684818	0.00525101391991	13.1856879922	0.142070759626
7	3C131		0.0209583520481		6.56365702622	0.449632732032	0.0209583520481		4.94317515164	0.118932804634
7	3C131		0.0570464121617		7.22723808426	0.615892056215	0.0570464121617		5.00669364001	0.449122245504
8	3C132		0.00326594950513	7.82467464037	0.898956111762	0.00326594950513	18.0403011642	0.135229782519
9	3C133		0.100809703169		7.66374387886	0.527681222772	0.100809703169		3.5920338237	0.487859767829
9	3C133		0.0148657541248		7.93619744395	1.22209860308	0.0148657541248		6.16237145998	0.285839127523
14	3C154		0.0265804815751		-2.3249473001	0.743868472214	0.0265804815751		1.17849826965	0.0594933682447
14	3C154		0.00998625201522	-1.38654697115	0.832803849477	0.00998625201522	3.0912939739	0.0656396359988
14	3C154		0.00376644875107	2.22805986412	1.13724419128	0.00376644875107	2.25806388317	0.0246946357813
16	3C167		0.0106249427263		18.4558324679	1.48946923843	0.0106249427263		8.86629308939	0.358245571433
18	3C18		0.00306468781624	-8.51944903416	2.6370449083	0.00306468781624	4.48614524794	0.0925673240382
18	3C18		0.00557727145193	-7.82159144162	0.672565292979	0.00557727145193	3.29187300638	0.0315268019478
22	3C207		0.0150490570138		4.54723085332	0.760131287938	0.0150490570138		0.961845520674	0.0280920759773
52	3C409		0.00584341941655	14.5872897243	1.67939633993	0.00584341941655	6.95473202506	0.174253405065
52	3C409		0.02042007875		15.3986901176	0.894294650559	0.02042007875		0.211658930414	0.00986859335178
53	3C410		0.0120228976629		6.24762703738	1.01000957525	0.0120228976629		7.40266027301	0.229510770781
53	3C410		0.00420772392718	10.7057421578	0.678067606002	0.00420772392718	11.2095916559	0.0816564768344
53	3C410		0.00521674243673	11.663352416	0.828997043006	0.00521674243673	3.63325951572	0.0401170885583
54	3C454.3		0.00124673933256	-10.6444492159	0.682821545161	0.00124673933256	-6.94624847998	-0.0150978046838
54	3C454.3		0.00265112308248	-9.49434790133	1.02402938384	0.00265112308248	3.8788698206	0.0268861195252
59	3C75		0.007082558289		-10.3587402845	1.29653144069	0.007082558289		0.720751149333	0.0168981501525
69	4C13.67		0.0464410254562		4.85244727248	1.1035426475	0.0464410254562		4.72632884552	0.618437005631
74	4C22.12		0.00581338865453	-2.83801948371	0.787615802432	0.00581338865453	4.50967757429	0.0527193301241
74	4C22.12		0.0172051330846		-1.78019747398	0.558244333426	0.0172051330846		2.39830204055	0.0588121217518
79	G196.6+0.2	0.00440003558626	3.32582464067	2.36192407313	0.00440003558626	9.97941807012	0.264793883782
79	G196.6+0.2	0.00207572150625	10.7301986358	1.08237069566	0.00207572150625	37.126906324	0.212968064432
80	G197.0+1.1	0.0125687536226		4.83326566015	1.88059849445	0.0125687536226		6.83987498516	0.412778503519
80	G197.0+1.1	0.00585161376017	7.45528977601	0.64867431326	0.00585161376017	2.70814700626	0.0262455210769
80	G197.0+1.1	0.00489669256693	17.0058494895	2.46784838692	0.00489669256693	13.6582152595	0.42140130622
80	G197.0+1.1	0.0051847025389		17.5935111765	0.246544846044	0.0051847025389		9.35888116711	0.030543887876
80	G197.0+1.1	0.0237429455094		32.0104856782	0.568018420765	0.0237429455094		4.20017484019	0.144625540804
87	P0428+20	0.00144066146318	3.59884105037	1.01232750012	0.00144066146318	9.61937002742	0.0358187326919
87	P0428+20	0.00754339084529	10.70280224	1.09181203569	0.00754339084529	11.9920355894	0.252166858232
94	T0526+24	0.0171883362474		7.55241445409	1.90148380017	0.0171883362474		12.9672931728	1.08207262848
96	T0629+10	0.0104961216759		1.09883573641	1.25048207298	0.0104961216759		0.999338244375	0.0334887891941
96	T0629+10	0.0433383325287		4.2217194754	3.32989269894	0.0433383325287		5.19272863636	1.91328063284
96	T0629+10	0.145165177817		3.56158858914	0.592305512601	0.145165177817		2.94330128965	0.646135431651
96	T0629+10	0.0502975407161		4.64494034172	0.353118917152	0.0502975407161		4.68491260074	0.212446626518
96	T0629+10	0.0641363421372		6.11820275312	0.618262210129	0.0641363421372		3.82003170314	0.386744786218
96	T0629+10	0.0408000693436		6.91674260762	0.625728760645	0.0408000693436		3.59985540755	0.234645746743
96	T0629+10	0.0162625706243		7.95955738713	0.696733069717	0.0162625706243		2.77689200081	0.0803332283701
