#	src		tau		Center		wid(FWHM)	Tex		Tex_err		N(OH)1665[e14]	NOH_err
====================================================================================================================================
2	3C105		0.0264820686	8.1662630241	0.9370085926	4.3444416282	1.0145398188	0.1986001255	0.0463784849
2	3C105		0.0104161943	10.252467074	0.9583166186	8.9957493817	3.4679570377	0.1774013287	0.0683907363
3	3C109		0.0035636852	9.2368443078	0.749747411	13.1688615629	7.3908376517	0.0758762064	0.0425865524
3	3C109		0.0053069439	10.5480692325	1.0229197292	5.6978051229	4.895338156	0.0632781413	0.0543666005
6	3C123		0.0347628202	3.7129201555	1.2247629496	12.7813819133	2.8242212623	1.473148131	0.3255191165
6	3C123		0.0918846242	4.4570346255	0.5297308527	9.0563442887	0.6133227266	1.0373464225	0.0702593107
6	3C123		0.0783611348	5.4714130627	0.9186624612	10.309860943	2.6736825937	1.4445739925	0.3746280894
7	3C131		0.0116968113	4.6353624628	0.7774798073	8.1850411427	1.8331864219	0.1746977301	0.0391278563
7	3C131		0.0088506231	5.8405312829	0.6733800027	12.4137496849	2.0464904194	0.1957400224	0.0322717917
7	3C131		0.0318626734	6.5483088743	0.4532562872	6.2726930087	0.8566659065	0.2126143417	0.0290373482
7	3C131		0.0926636246	7.2241688747	0.6483210783	6.0496271825	0.3466579906	0.7184749541	0.0411708273
8	3C132		0.0055647684	7.7947670126	0.7926680398	22.0269386301	1.9054349811	0.1926874475	0.0166790243
9	3C133		0.2132052984	7.6770796845	0.5171014118	3.0724330465	0.2768108866	0.6877004249	0.0619584128
9	3C133		0.0332710433	7.955984083	1.2286405041	4.1788084902	1.1509511836	1.3202168753	0.3636216625
14	3C154		0.0429083349	-2.3422485808	0.7117475453	2.4960028863	0.734559293	0.1591543657	0.0468383395
14	3C154		0.018056092	-1.3408068341	0.9368851756	4.6293304542	1.7981143067	0.1764172904	0.0685239887
14	3C154		0.0053753878	2.1934857776	1.5704022736	1.6967141121	8.5569991364	0.0358046595	0.1805728447
16	3C167		0.0089905028	17.7713072164	1.760745333	6.3000185319	4.0069423462	0.1809554578	0.1150991432
18	3C18		0.0060474239	-8.3385170821	2.6136488602	9.3539527033	6.1068895221	0.3623921227	0.2365944347
18	3C18		0.0078518138	-7.8531818888	0.5996663806	4.7802478218	1.5995925703	0.0702008109	0.0234912439
22	3C207		0.0266106285	4.5466945558	0.7728225338	1.7928584458	0.4603062544	0.0688121377	0.0176671545
52	3C409		0.0055133147	14.6811969706	1.5222364582	13.4209721409	15.3904383312	0.6501325898	0.7455367151
52	3C409		0.0275397681	15.4160067736	0.8553952432	2.1463730277	0.9879276376	0.1046320731	0.0481598399
53	3C410		0.0248352697	6.2862340169	1.1606548182	3.8958649653	1.4585943951	0.2197290057	0.0822656061
53	3C410		0.0081190634	10.7231691338	0.7768777335	3.9637729783	3.0793411907	0.0624892272	0.0485461453
53	3C410		0.0111034235	11.6713322857	0.7915839134	2.5908632782	3.115755743	0.0483279593	0.0581189178
54	3C454.3		0.0013950566	-10.5491428319	1.1826131506	5.6170394616	7.5949600383	0.0226086564	0.0305699022
54	3C454.3		0.004739354	-9.4327586917	0.9698771001	9.7597845098	5.2376280595	0.0867265827	0.0465423293
59	3C75		0.0140260752	-10.3600970308	1.2226070673	1.5620427917	1.7956009217	0.0493779064	0.0567609881
69	4C13.67		0.0566900427	4.8904503942	1.1173520766	9.6785568795	2.1087342012	1.2721689321	0.2772356541
74	4C22.12		0.0101643738	-2.7302997848	0.7787375748	4.9159364746	2.3044374322	0.0777799527	0.0364628067
74	4C22.12		0.0354265431	-1.7821798439	0.5394403066	3.1884644449	0.7773129699	0.106442125	0.0259501833
79	G196.6+0.2	0.006624745	3.4435325975	2.5774060358	6.565130448	6.0875568279	0.1832480291	0.1699192995
79	G196.6+0.2	0.0027792114	10.9309479239	1.5668630109	8.9686811553	8.1299282908	0.0250344047	0.0226962015
80	G197.0+1.1	0.0191597658	4.7298331016	1.6569106649	4.472176765	2.2157433278	0.2962809186	0.1467930187
80	G197.0+1.1	0.0078207266	7.3351368863	0.6632739104	0.8084279964	5.8954499843	0.0090587223	0.0660606179
80	G197.0+1.1	0.0131859041	17.0671610542	2.1132623603	4.9766715706	3.8346313172	0.30023911	0.2313410264
80	G197.0+1.1	0.0430064581	32.0115287336	0.5445305969	3.6584869271	1.0478180758	0.1652460333	0.0473279785
87	P0428+20	0.0029210556	3.5429067616	0.693760795	3.9476535778	10.1031202294	0.0153822019	0.0393673251
87	P0428+20	0.0039806433	9.9797930438	0.5967721636	10.1585169873	2.9663789368	0.0681997164	0.0199158003
87	P0428+20	0.0142519222	10.7822317975	0.8854215461	12.4527731827	1.562369048	0.2995912855	0.0375889041
94	T0526+24	0.0430212071	7.5558495679	2.4338573861	10.8082456785	1.9351799284	1.141120761	0.2044591664
96	T0629+10	0.007	0.35	1.0	2.8878564882	1.8848073312	0.0804551617	0.0525105378
96	T0629+10	0.03	1.43	1.5	3.0005806012	1.0596789259	0.2447700271	0.086442623
96	T0629+10	0.267	3.5827	0.751	4.6448842728	0.6136245102	1.8146381858	0.2397275545
96	T0629+10	0.16	4.626	0.7289	6.5436861323	1.0138529742	1.3059452317	0.202338143
96	T0629+10	0.11	6.07	0.76	5.9011861737	1.0815145306	1.1545224333	0.2115902566
96	T0629+10	0.08	6.87	0.48588	4.3751389411	0.4890488483	0.3788879815	0.0423519289
96	T0629+10	0.03	7.9043	0.7586	3.8437844803	0.8250013923	0.1725871513	0.0370430931
