2	3C105		0.0264820688	8.1662630238	0.9370086075	4.34448656	0.193365263
2	3C105		0.0104161943	10.252467081	0.9583167111	8.9958622106	0.1727256212
3	3C109		0.0035636847	9.2368441258	0.7497461259	13.168468829	0.0738732328
3	3C109		0.0053069432	10.5480690305	1.022920065	5.697524431	0.0616065326
6	3C123		0.0347628193	3.7129200928	1.2247628431	12.7817793142	1.4343474637
6	3C123		0.0918846284	4.4570346232	0.5297308759	9.0565020621	1.010010357
6	3C123		0.0783611353	5.4714130635	0.9186624406	10.3101005062	1.4065148791
7	3C131		0.0116968108	4.6353624477	0.7774797873	8.1849051524	0.170088321
7	3C131		0.0088506212	5.8405312714	0.6733801074	12.4135596731	0.1905756605
7	3C131		0.0318626727	6.5483088853	0.4532563181	6.2726425201	0.2070062739
7	3C131		0.0926636246	7.224168879	0.6483210662	6.0496093498	0.6995275139
8	3C132		0.0055647692	7.7947670117	0.7926680958	22.0273174653	0.1876097224
9	3C133		0.2132053024	7.6770796858	0.5171014211	3.0724357566	0.6695671271
9	3C133		0.0332710387	7.9559841213	1.2286405446	4.1788171419	1.2854068993
14	3C154		0.0429083347	-2.3422485776	0.7117475814	2.4960827823	0.1549626038
14	3C154		0.018056092	-1.3408068066	0.9368851857	4.6294724358	0.1717706325
14	3C154		0.0053753886	2.1934858315	1.570402536	1.6972270667	0.03487107
16	3C167		0.008990505	17.7713072108	1.7607438676	6.3000174159	0.1761838342
18	3C18		0.0060474242	-8.3385171374	2.6136492547	9.3542186862	0.3528462821
18	3C18		0.0078518142	-7.8531818929	0.5996664807	4.7803785055	0.0683515629
22	3C207		0.0266106287	4.5466945562	0.7728225453	1.7927728826	0.0669944414
52	3C409		0.0055133206	14.6811981412	1.5222370982	13.4200598369	0.6329462949
52	3C409		0.0275397582	15.4160068213	0.8553950789	2.1460605721	0.1018582128
53	3C410		0.0248352706	6.2862340191	1.1606548256	3.8961142797	0.2139486892
53	3C410		0.008119064	10.7231689681	0.7768773422	3.9643016253	0.0608495708
53	3C410		0.0111034243	11.6713321761	0.7915842351	2.5912920176	0.0470613918
54	3C454.3		0.0013950575	-10.5491455265	1.1826130819	5.6165905837	0.0220107324
54	3C454.3		0.0047393566	-9.4327590864	0.969877942	9.7597303116	0.0844392311
59	3C75		0.0140260752	-10.3600970274	1.2226070152	1.5619306295	0.0480724144
69	4C13.67		0.0566900415	4.890450395	1.1173520569	9.6785570747	1.2386232901
74	4C22.12		0.0101643732	-2.7302997924	0.7787377885	4.9160551873	0.0757308113
74	4C22.12		0.0354265421	-1.7821798353	0.5394403321	3.1884964717	0.1036364066
79	G196.6+0.2	0.0066247434	3.4435322861	2.577407679	6.5650636025	0.1784141677
79	G196.6+0.2	0.002779214	10.9309482371	1.5668606885	8.968579554	0.0243739994
80	G197.0+1.1	0.0191597653	4.7298331118	1.6569107282	4.4721275581	0.2884651493
80	G197.0+1.1	0.007820722	7.3351368794	0.663274066	0.8083223199	0.008818701
80	G197.0+1.1	0.0131859061	17.0671610569	2.1132622854	4.9766109907	0.2923185832
80	G197.0+1.1	0.0430064593	32.0115287339	0.5445305637	3.6584701105	0.1608879413
87	P0428+20	0.0029210544	3.5429065544	0.6937614357	3.9496006829	0.0149839775
87	P0428+20	0.0039806412	9.9797933362	0.5967735034	10.1591034843	0.0664052
87	P0428+20	0.01425192	10.7822319296	0.8854214385	12.4530054313	0.2916968397
94	T0526+24	0.0430213766	7.555850299	2.4338736675	10.808240816	1.1110301874
96	T0629+10	0.0187006791	1.0196014313	1.5163229685	2.6530485395	0.186113024
96	T0629+10	0.0754700016	4.2016326109	3.1901345169	6.6755011268	5.6902334548
96	T0629+10	0.2161592726	3.5533031992	0.6087864031	4.466691548	1.4983288504
96	T0629+10	0.100904941	4.6400134276	0.3625956237	5.693889179	0.6711632245
96	T0629+10	0.1004763016	6.0979106935	0.6396574685	5.5019883828	0.8535190909
96	T0629+10	0.0739637928	6.9289608443	0.6411626555	4.3165580229	0.4401375064
96	T0629+10	0.0294126771	7.9551715355	0.707847771	3.4508182571	0.146594635
