#	src		tau		Center		wid(FWHM)	Tex		Tex_err		N(OH)1667[e14]	NOH_err
====================================================================================================================================
2	3C105		0.0264820688	8.1662630238	0.9370086075	4.3444416282	1.0145398188	0.1933632631	0.0451554851
2	3C105		0.0104161943	10.252467081	0.9583167111	8.9957493817	3.4679570377	0.1727234548	0.0665871892
3	3C109		0.0035636847	9.2368441258	0.7497461259	13.1688615629	7.3908376517	0.073875436	0.04146348
3	3C109		0.0053069432	10.5480690305	1.022920065	5.6978051229	4.895338156	0.0616095677	0.0529329917
6	3C123		0.0347628193	3.7129200928	1.2247628431	12.7813819133	2.8242212623	1.4343028681	0.3169334175
6	3C123		0.0918846284	4.4570346232	0.5297308759	9.0563442887	0.6133227266	1.0099927616	0.0684044545
6	3C123		0.0783611353	5.4714130635	0.9186624406	10.309860943	2.6736825937	1.4064821976	0.3647486327
7	3C131		0.0116968108	4.6353624477	0.7774797873	8.1850411427	1.8331864219	0.170091147	0.0380959594
7	3C131		0.0088506212	5.8405312714	0.6733801074	12.4137496849	2.0464904194	0.1905785776	0.0314204972
7	3C131		0.0318626727	6.5483088853	0.4532563181	6.2726930087	0.8566659065	0.2070079401	0.0282716108
7	3C131		0.0926636246	7.224168879	0.6483210662	6.0496271825	0.3466579906	0.699529576	0.0400851385
8	3C132		0.0055647692	7.7947670117	0.7926680958	22.0269386301	1.9054349811	0.1876064958	0.0162375921
9	3C133		0.2132053024	7.6770796858	0.5171014211	3.0724330465	0.2768108866	0.6695665365	0.0603246345
9	3C133		0.0332710387	7.9559841213	1.2286405446	4.1788084902	1.1509511836	1.285404238	0.3540333639
14	3C154		0.0429083347	-2.3422485776	0.7117475814	2.4960028863	0.734559293	0.1549576437	0.0456032611
14	3C154		0.018056092	-1.3408068066	0.9368851857	4.6293304542	1.7981143067	0.1717653644	0.0667170762
14	3C154		0.0053753886	2.1934858315	1.570402536	1.6967141121	8.5569991364	0.0348605308	0.1758113404
16	3C167		0.008990505	17.7713072108	1.7607438676	6.3000185319	4.0069423462	0.1761838654	0.1120640418
18	3C18		0.0060474242	-8.3385171374	2.6136492547	9.3539527033	6.1068895221	0.3528362491	0.2303557017
18	3C18		0.0078518142	-7.8531818929	0.5996664807	4.7802478218	1.5995925703	0.0683496943	0.0228718044
22	3C207		0.0266106287	4.5466945562	0.7728225453	1.7928584458	0.4603062544	0.0669976388	0.0172012911
52	3C409		0.0055133206	14.6811981412	1.5222370982	13.4209721409	15.3904383312	0.632989323	0.7258777295
52	3C409		0.0275397582	15.4160068213	0.8553950789	2.1463730277	0.9879276376	0.1018730428	0.046889915
53	3C410		0.0248352706	6.2862340191	1.1606548256	3.8958649653	1.4585943951	0.2139349985	0.0800963545
53	3C410		0.008119064	10.7231689681	0.7768773422	3.9637729783	3.0793411907	0.0608414564	0.047266038
53	3C410		0.0111034243	11.6713321761	0.7915842351	2.5908632782	3.115755743	0.0470536053	0.0565863872
54	3C454.3		0.0013950575	-10.5491455265	1.1826130819	5.6170394616	7.5949600383	0.0220124915	0.0297638081
54	3C454.3		0.0047393566	-9.4327590864	0.969877942	9.7597845098	5.2376280595	0.0844397	0.0453150602
59	3C75		0.0140260752	-10.3600970274	1.2226070152	1.5620427917	1.7956009217	0.0480758665	0.0552642505
69	4C13.67		0.0566900415	4.890450395	1.1173520569	9.6785568795	2.1087342012	1.2386232651	0.2699062805
74	4C22.12		0.0101643732	-2.7302997924	0.7787377885	4.9159364746	2.3044374322	0.0757289826	0.0355013057
74	4C22.12		0.0354265421	-1.7821798353	0.5394403321	3.1884644449	0.7773129699	0.1036353657	0.0252658995
79	G196.6+0.2	0.0066247434	3.4435322861	2.577407679	6.565130448	6.0875568279	0.1784159843	0.1654387139
79	G196.6+0.2	0.002779214	10.9309482371	1.5668606885	8.9686811553	8.1299282908	0.0243742756	0.0220977192
80	G197.0+1.1	0.0191597653	4.7298331118	1.6569107282	4.472176765	2.2157433278	0.2884683233	0.14292224
80	G197.0+1.1	0.007820722	7.3351368794	0.663274066	0.8084279964	5.8954499843	0.0088198539	0.0643186732
80	G197.0+1.1	0.0131859061	17.0671610569	2.1132622854	4.9766715706	3.8346313172	0.2923221416	0.225240812
80	G197.0+1.1	0.0430064593	32.0115287339	0.5445305637	3.6584869271	1.0478180758	0.1608886809	0.0460799852
87	P0428+20	0.0029210544	3.5429065544	0.6937614357	3.9476535778	10.1031202294	0.0149765905	0.0383292505
87	P0428+20	0.0039806412	9.9797933362	0.5967735034	10.1585169873	2.9663789368	0.0664013664	0.0193906178
87	P0428+20	0.01425192	10.7822319296	0.8854214385	12.4527731827	1.562369048	0.2916913995	0.0365976944
94	T0526+24	0.0430213766	7.555850299	2.4338736675	10.8082456785	1.9351799284	1.1110306873	0.1990676433
96	T0629+10	0.0187006791	1.0196014313	1.5163229685	2.653060141	1.2823306818	0.1861138378	0.0899564031
96	T0629+10	0.0754700016	4.2016326109	3.1901345169	6.6755026887	2.0247518544	5.6902347862	1.7259095575
96	T0629+10	0.2161592726	3.5533031992	0.6087864031	4.4666918692	0.3906764862	1.4983289582	0.1310505094
96	T0629+10	0.100904941	4.6400134276	0.3625956237	5.6938886666	0.455346011	0.6711631641	0.0536737681
96	T0629+10	0.1004763016	6.0979106935	0.6396574685	5.5019895697	0.6258421731	0.853519275	0.0970865612
96	T0629+10	0.0739637928	6.9289608443	0.6411626555	4.3165596123	0.4531514458	0.4401376685	0.0462057612
96	T0629+10	0.0294126771	7.9551715355	0.707847771	3.4508280785	1.1982346104	0.1465950522	0.0509025001
