#       src             Amp            v0_cntr	width	tex1(K)	tex1_err   tex2(K) tex2_er   tbg(K)
                        (Dont care)    (km/s)           OH1665             OH1667            Bckgrd
====================================================================================================
2 	3C105		-0.027		8.14    0.6	5.27	0.48	   4.20	   0.25	     3.33
2 	3C105		-0.008		10.2    0.5	10.75   1.21       8.97    0.62	     3.33
3 	3C109 		-0.03		9.2	0.5	23.07	3.18 	   20.62   3.04	     3.43
3 	3C109 		-0.055		10.5	0.6	14.38	2.05	   11.39   1.74	     3.43

6 	3C123 		-0.018		3.36	0.3	10.22	2.40	   12.72   1.67	     3.73
6 	3C123 		-0.1		4.44	0.3	8.41	2.00       8.88	   1.19      3.73
6 	3C123 		-0.04		5.47	0.7	11.34	1.17       9.43	   0.69      3.73

7 	3C131 		-0.015		4.47	0.4	12.70	1.75	   8.78	   1.05	     3.59		
7 	3C131 		-0.012		5.76	0.1	10.47	1.01	   11.95   0.75	     3.59
7 	3C131 		-0.038		6.6	0.2	2.51	0.97	   3.41	   0.75	     3.59
7 	3C131 		-0.1		7.2	0.6	4.90	0.29	   5.13	   0.21	     3.59

8 	3C132 		-0.07		7.7	0.5	11.96	1.94	   19.45   1.25	     3.44

9 	3C133  		-0.24		7.67	0.4	3.08	0.21	   2.70	   0.15	     3.55
9 	3C133  		-0.01		8.8	0.7	12.60	0.94	   7.99	   0.66	     3.55

14 	3C154 		-0.03		-2.3	0.4	2.44	0.57	   1.95	   0.35	     3.60
14 	3C154 		-0.012		-1.39	0.3	5.91	1.43	   3.85	   0.73	     3.60
14 	3C154 		-0.07		2.23	0.4	6.06	3.18	   1.05	   1.85	     3.60

16 	3C167 		-0.02		18.0	0.6	8.72	1.75	   3.99	   0.45	     3.68

18 	3C18 		-0.004		-9.4	0.5	10.59	1.73	   6.33	   0.59	     3.36
18 	3C18 		-0.014		-7.8	0.5	1.96	1.84	   3.29	   0.59	     3.36

22 	3C207 		-0.025		4.5	0.5	3.11	0.37	   2.81	   0.23	     3.18

52 	3C409 		-0.03		14.55	1.6	11.23	1.94	   17.34   2.21	     4.31
52 	3C409 		-0.03		15.4	0.9	0.44	0.72	   0.00	   0.70	     4.31

53 	3C410 		-0.014		6.17	0.5	9.19	0.98	   8.87	   0.79	     4.29
53 	3C410 		-0.005		10.6	0.3	11.21	3.44	   10.40   1.06	     4.29
53 	3C410 		-0.006		11.7	0.3	5.53	2.51	   1.80	   6.10	     4.29

54 	3C454.3 	-0.002		-10.6	0.35	0.0	5.63	   0.00	   3.64	     3.47
54 	3C454.3 	-0.003		-9.65	0.4	6.33	2.16	   6.83	   1.18	     3.47

59 	3C75 		-0.015		-10.3	0.5	3.53	0.96	   3.50	   0.51	     3.43

69 	4C13.67		-0.06		4.8	0.4	10.55	1.12	   9.30	   0.78	     4.24

74 	4C22.12 	-0.007		-2.8	0.3	6.78	2.54	   6.54	   1.05	     3.65
74 	4C22.12 	-0.02		-1.8	0.2	4.54	1.03	   4.37	   0.37	     3.65

79 	G196.6+0.2  	-0.004		3.3	1.0	8.13	1.83	   4.51	   0.90	     3.71
79 	G196.6+0.2  	-0.002		10.7	0.5	35.15	5.71	   5.55    1.53	     3.71

80 	G197.0+1.1	-0.02		4.5	1.1	5.04	0.62	   4.08	   0.42	     3.68
80 	G197.0+1.1	-0.009		7.3	0.5	0.006	2.29	   0.00	   1.62	     3.68
80 	G197.0+1.1	-0.014		16.4	1.1	8.46	1.81	   4.51	   1.38	     3.68
80 	G197.0+1.1	-0.014		17.6	1.1	5.15	1.78	   5.34	   0.70	     3.68
80 	G197.0+1.1	-0.05		32.0	0.3	3.28	0.60	   3.81	   0.33	     3.68

87 	P0428+20	-0.003		3.60	0.3	13.54	4.34	   10.99   2.63	     3.45	
87 	P0428+20	-0.014		10.8	0.3	13.30	0.80	   13.11   0.45	     3.45

94 	T0526+24   	-0.06		7.2	1.0	11.87	1.95	   9.90   0.76	     3.63

96 	T0629+10	-0.01		0.31	0.3	0.00	3.25	   0.31   0.73	     3.55
96 	T0629+10	-0.03		1.33	0.4	6.81	0.20	   8.16   0.08	     3.55
96 	T0629+10	-0.03		1.1	0.4	0.00	1.19	   0.49   0.57	     3.55
96 	T0629+10	-0.23		3.6	0.3	2.70	0.15	   3.47   0.09	     3.55
96 	T0629+10	-0.16		4.6	0.2	6.27	0.50	   6.02   0.21	     3.55
96 	T0629+10	-0.12		6.07	0.25	1.55	0.40	   2.66   0.20	     3.55
96 	T0629+10	-0.08		6.87	0.2	1.49	0.58	   2.13   0.24	     3.55
96 	T0629+10	-0.03		8.01	0.25	0.00	1.02	   1.84   0.38	     3.55
