#	src		tau		tau_carl	tex		tex_carl	tex_diff
================================================================================================
2	3C105		0.015599756	0.015812	5.2366444617	4.93237		0.30427
2	3C105		0.006184122	0.00624688	10.4698540677	8.4911		1.97875

3	3C109		0.0022597227	0.00219404	18.3217080068	23.6826		-5.36089
3	3C109		0.0035800798	0.00352054	13.8735887801	14.7629		-0.88931

6	3C123		0.0190990942	0.0191465	9.4005362563	11.0839		-1.68336
6	3C123		0.0431219116	0.0430802	7.9927289182	6.42252		1.57021
6	3C123		0.0337410813	0.0337756	11.1658624798	11.6182		-0.45234

7	3C131		0.0069960982	0.00649567	13.1150555581	12.6704		0.44466
7	3C131		0.0052510139	----		13.9493861017	----		----
7	3C131		0.020958352	0.0073968	5.7068732612	10.4647		-4.75783
7	3C131		0.0570464122	0.0521163	5.7703917495	5.02548		0.74491

8	3C132		0.0032659495	0.00325712	18.6114890166	15.7164		2.89509

9	3C133		0.1008097032	0.100867	4.2027797214	2.97357		1.22921
9	3C133		0.0148657541	0.014829	6.7731173577	5.90018		0.87294

14	3C154		0.0265804816	0.0265674	1.8187941469	2.60587		-0.78708
14	3C154		0.009986252	0.00996968	3.7315898512	6.1453		-2.41371
14	3C154		0.0037664488	0.00375136	2.8983597604	6.61529		-3.71693

16	3C167		0.0106249427	0.0108681	9.7688452858	4.87148		4.89737

18	3C18		0.0030646878	0.0029677	4.9254556224	10.9319		-6.00644
18	3C18		0.0055772715	0.00559787	3.7311833808	2.04533		1.68585

22	3C207		0.015049057	0.0152023	1.2746990951	3.16958		-1.89488

52	3C409		0.0058434194	0.00615087	8.5405726285	11.3733		-2.83273
52	3C409		0.0204200787	0.0199191	1.7974995339	0.165834	1.63167

53	3C410		0.0120228977	0.0120836	8.5688388668	9.39991		-0.83107
53	3C410		0.0042077239	0.00431469	12.3757702497	11.2624		1.11337
53	3C410		0.0052167424	0.00534118	4.7994381095	5.74479		-0.94535

54	3C454.3		0.0012467393	----		-6.4514558084	----		----
54	3C454.3		0.0026511231	0.00230923	4.3736624922	4.61438		-0.24072

59	3C75		0.0070825583	0.00715191	1.1385332307	3.6429		-2.50437

69	4C13.67		0.0464410255	0.0474083	6.1606701725	10.4257		-4.26503

74	4C22.12		0.0058133887	0.00585788	5.396329893	6.91304		-1.51671
74	4C22.12		0.0172051331	0.0172332	3.2849543593	4.6685		-1.38355

79	G196.6+0.2	0.0044000356	0.00433149	10.8910065257	10.9458		-0.05479
79	G196.6+0.2	0.0020757215	----		38.0384947796	----		----

80	G197.0+1.1	0.0125687536	0.0123512	7.6994269234	5.19748		2.50195
80	G197.0+1.1	0.0058516138	0.0056982	3.5676989445	1.0		2.5677
80	G197.0+1.1	0.0048966926	0.00527819	14.5177671978	8.75558		5.76219
80	G197.0+1.1	0.0051847025	0.00687893	10.2184331054	5.34747		4.87096
80	G197.0+1.1	0.0237429455	0.0236503	5.0597267784	3.40758		1.65215

87	P0428+20	0.0014406615	0.00148528	10.2992700602	13.3		-3.00073
87	P0428+20	0.0075433908	0.00758102	12.6719356221	13.2911		-0.61916

94	T0526+24	0.0171883362	0.0157538	13.8338965886	13.5714		0.2625

96	T0629+10	0.0104961217	0.00404566	1.7839718654	4.07096		-2.28699
96	T0629+10	0.0433383325	0.0168271	5.9773622574	1.49408		4.48328
96	T0629+10	0.1451651778	----		3.7279349107	----		----
96	T0629+10	0.0502975407	0.16302		5.4695462218	2.33146		3.13809
96	T0629+10	0.0641363421	0.081227	4.6046653242	1.22538		3.37929
96	T0629+10	0.0408000693	0.0749983	4.3844890286	3.73601		0.64848
96	T0629+10	0.0162625706	0.0371442	3.5615256218	4.28449		-0.72296
