xl xm    
0 10 -0.119210943848 0.067369621955
0 11 -0.196121230202 0.110833894184
0 12 -0.36532386018 0.206455293088
0 13 -0.229497537715 -0.115495701008
0 14 -0.303165367692 -0.217596803242
0 15 -0.0769102863536 0.043464272229
0 16 -0.246112916332 0.139085671133
0 17 -0.110286593867 -0.182865322963
0 18 -0.183954423844 -0.284966425197
0 19 -0.169202629978 0.0956213989039
0 20 -0.033376307513 -0.226329595192
0 21 -0.10704413749 -0.328430697426
0 22 0.135826322465 -0.321950994096
0 23 0.0621584924879 -0.42405209633
0 24 -0.0736678299771 -0.102101102234
1 10 -0.137293588477 0.0661989836804
1 11 -0.225870097171 0.10890800541
1 12 -0.420738416299 0.202867853214
1 13 -0.235578286738 -0.117618219295
1 14 -0.303578286738 -0.220365866768
1 15 -0.0885765086946 0.0427090217293
1 16 -0.283444827823 0.136668869534
1 17 -0.0982846982611 -0.183817202976
1 18 -0.166284698261 -0.286564850448
1 19 -0.194868319128 0.0939598478044
1 20 -0.00970818956654 -0.226526224705
1 21 -0.0777081895665 -0.329273872178
1 22 0.185160129561 -0.320486072509
1 23 0.117160129561 -0.423233719982
1 24 -0.068 -0.102747647473
2 10 -0.154331345997 0.0648680625187
2 11 -0.253899956317 0.106718425434
2 12 -0.472950899022 0.198789223847
2 13 -0.239866142752 -0.119788057939
2 14 -0.301680791716 -0.22312815497
2 15 -0.0995686103204 0.0418503629153
2 16 -0.318619553025 0.133921161329
2 17 -0.0855347967558 -0.184656120458
2 18 -0.147349445719 -0.287996217488
2 19 -0.219050942705 0.0920707984136
2 20 0.0140338135645 -0.226506483373
2 21 -0.0477808353989 -0.329846580404
2 22 0.233084756269 -0.318577281787
2 23 0.171270107306 -0.421917378817
2 24 -0.0618146489634 -0.10334009703
3 10 -0.170194548786 0.0633869875836
3 11 -0.279997483486 0.104281818283
3 12 -0.521563939827 0.194250445821
3 13 -0.242328472586 -0.121988703158
3 14 -0.297487323709 -0.225862645166
3 15 -0.1098029347 0.0408948306991
3 16 -0.351369391041 0.130863458237
3 17 -0.0721339238 -0.185375690741
3 18 -0.127292774923 -0.289249632749
3 19 -0.241566456341 0.089968627538
3 20 0.0376690109005 -0.226270521441
3 21 -0.017489840223 -0.330144463448
3 22 0.279235467242 -0.316239148979
3 23 0.224076616118 -0.420113090986
3 24 -0.0551588511235 -0.103873942008
4 10 -0.184762468292 0.0617670307497
4 11 -0.303964060739 0.101616728008
4 12 -0.566207564122 0.189286061975
4 13 -0.242946536421 -0.124203406712
4 14 -0.291029797541 -0.228548526235
4 15 -0.119201592447 0.0398496972579
4 16 -0.381445095829 0.127519031225
4 17 -0.0581840681283 -0.185970437461
4 18 -0.106267329249 -0.290315556984
4 19 -0.262243503383 0.0876693339674
4 20 0.0610175243184 -0.225820134719
4 21 0.0129342631977 -0.330165254242
4 22 0.323261027701 -0.313489468687
4 23 0.27517776658 -0.41783458821
4 24 -0.0480832611207 -0.104345119523
5 10 -0.197924233853 0.0600205208667
5 11 -0.325617287951 0.098743437555
5 12 -0.606542006968 0.183933854269
5 13 -0.241715630418 -0.126415313369
5 14 -0.282357358886 -0.231165356999
5 15 -0.127693054098 0.0387229166882
5 16 -0.408617773115 0.123913333402
5 17 -0.0437913965657 -0.186435834236
5 18 -0.084433125033 -0.291185877866
5 19 -0.280924719017 0.0851904167141
5 20 0.0839016575328 -0.225158750924
5 21 0.0432599290655 -0.329908794554
5 22 0.364826376549 -0.310349167638
5 23 0.324184648082 -0.415099211269
5 24 -0.0406417284673 -0.10475004363
6 10 -0.209579676483 0.0581607499294
6 11 -0.344792370989 0.0956838144
6 12 -0.642260298901 0.178234556235
6 13 -0.238645122517 -0.128607589186
6 14 -0.271536010237 -0.233693221798
6 15 -0.135212694505 0.0375230644706
6 16 -0.432680622417 0.120073806306
6 17 -0.0290654460332 -0.186768339115
6 18 -0.0619563337534 -0.291853971728
6 19 -0.297467927912 0.0825507418353
6 20 0.106147248472 -0.224291403586
6 21 0.073256360752 -0.329377036198
6 22 0.403615176384 -0.306842145421
6 23 0.370724288664 -0.411927778033
6 24 -0.0328908877201 -0.105085632612
7 10 -0.219640091228 0.0562018719175
7 11 -0.361343375892 0.0924611441223
7 12 -0.673090602152 0.172231542973
7 13 -0.233758381135 -0.130763549618
7 14 -0.258648108592 -0.236112882053
7 15 -0.141703284663 0.0362592722048
7 16 -0.453450510923 0.116029671055
7 17 -0.0141182899063 -0.186965421536
7 18 -0.0390080173636 -0.292314753971
7 19 -0.31174722626 0.0797703988506
7 20 0.127584994757 -0.223224693741
7 21 0.1026952673 -0.328574026176
7 22 0.439332221017 -0.302995092591
7 23 0.41444249356 -0.408344425026
7 24 -0.0248897274573 -0.105349332435
8 10 -0.228028912257 0.0541587950755
8 11 -0.375144339519 0.0890999531887
8 12 -0.698798279497 0.165970501038
8 13 -0.227092597325 -0.132866786506
8 14 -0.243791738665 -0.238405922689
8 15 -0.147115427263 0.0349411581132
8 16 -0.47076936724 0.111811705962
8 17 0.000936314931701 -0.187025581582
8 18 -0.0157628264081 -0.292564717765
8 19 -0.323653939978 0.076870547849
8 20 0.148051742194 -0.221966739695
8 21 0.131352600854 -0.327505875878
8 22 0.471705682172 -0.298837287544
8 23 0.455006540832 -0.404376423727
8 24 -0.0166991413398 -0.105539136183
9 10 -0.234682295575 0.0520470684518
9 11 -0.386090228205 0.0856258222916
9 12 -0.719187679989 0.159499080739
9 13 -0.218698501728 -0.134901292947
9 14 -0.227079966401 -0.240554892282
9 15 -0.151407932629 0.0335787538398
9 16 -0.484505384414 0.107452012288
9 17 0.0159837938477 -0.186948361399
9 18 0.0076023291743 -0.292601960734
9 19 -0.333097451785 0.0738732584477
9 20 0.167391726477 -0.220527115239
9 21 0.159010261804 -0.326180714574
9 22 0.500489178262 -0.294400373686
9 23 0.492107713588 -0.400053973021
9 24 -0.00838146467341 -0.105653599335
10 10 -0.23954960492 0.0498827635611
10 11 -0.394097737126 0.082065191665
10 12 -0.73410362798 0.152866533494
10 13 -0.208639978478 -0.136851585118
10 14 -0.208639978478 -0.242543435876
10 15 -0.154548132206 0.0321824281039
10 16 -0.49455402306 0.102983769933
10 17 0.0309096264413 -0.186734348679
10 18 0.0309096264413 -0.292426199437
10 19 -0.340005890854 0.0708013418286
10 20 0.185457758648 -0.218916776783
10 21 0.185457758648 -0.324608627541
10 22 0.525463649501 -0.289718118611
10 23 0.525463649501 -0.39540996937
10 24 -8.64772492912e-18 -0.105691850758
11 10 -0.242593797126 0.0476823520705
11 11 -0.399105924305 0.0784451598579
11 12 -0.743432604097 0.14612333699
11 13 -0.196993579013 -0.138702820118
11 14 -0.188612114339 -0.244356419453
11 15 -0.156512127178 0.0307628077874
11 16 -0.500838806971 0.0984409849198
11 17 0.0456002181138 -0.186385172188
11 18 0.0539816827872 -0.292038771523
11 19 -0.344326679792 0.0676781771323
11 20 0.202112345292 -0.217147979976
11 21 0.210493809966 -0.322801579311
11 22 0.546439025085 -0.284826157108
11 23 0.554820489758 -0.390479756443
11 24 0.00838146467341 -0.105653599335
12 10 -0.243791704055 0.0454625804401
12 11 -0.401076674413 0.0747932774982
12 12 -0.747103609201 0.139320811026
12 13 -0.183847939463 -0.140440908931
12 14 -0.167148798123 -0.245980045114
12 15 -0.157284970358 0.0293306970581
12 16 -0.503311905146 0.093858230586
12 17 0.0599437645924 -0.185903489371
12 18 0.0766429059322 -0.291442625554
12 19 -0.346026934788 0.0645275335279
12 20 0.21722873495 -0.215234186429
12 21 0.23392787629 -0.320773322612
12 22 0.563255669738 -0.279761719957
12 23 0.579954811078 -0.38530085614
12 24 0.0166991413398 -0.105539136183
13 10 -0.24313420891 0.0432403424723
13 11 -0.399994988852 0.0711373376157
13 12 -0.745088704725 0.132510726931
13 13 -0.169303106083 -0.142052623651
13 14 -0.144413378625 -0.247401956086
13 15 -0.156860779942 0.0278969951434
13 16 -0.501954495814 0.0892703844589
13 17 0.0738311028274 -0.185292966124
13 18 0.0987208302847 -0.290642298558
13 19 -0.345093715872 0.0613733893155
13 20 0.230691882769 -0.213189961267
13 21 0.255581610227 -0.318539293702
13 22 0.575785598642 -0.274563350582
13 23 0.600675326099 -0.379912683017
13 24 0.0248897274573 -0.105349332435
14 10 -0.240626315627 0.0410325507398
14 11 -0.395869099903 0.0675051641204
14 12 -0.737403225309 0.125744913558
14 13 -0.153469773838 -0.143525698157
14 14 -0.120578886117 -0.24861133077
14 15 -0.155242784276 0.0264726133805
14 16 -0.496776909682 0.0847123628178
14 17 0.0871565417894 -0.184558248897
14 18 0.12004742951 -0.28964388151
14 19 -0.341534125406 0.0582397494372
14 20 0.242399326065 -0.211030862278
14 21 0.275290213785 -0.31611649489
14 22 0.583933451471 -0.269270611715
14 23 0.616824339191 -0.374356244327
14 24 0.0328908877201 -0.105085632612
15 10 -0.236287110788 0.038856007871
15 11 -0.38873040807 0.0639244000458
15 12 -0.724105662092 0.11907486283
15 13 -0.136468443946 -0.144848921462
15 14 -0.0958267154787 -0.249598965093
15 15 -0.152443297283 0.0250683921748
15 16 -0.487818551304 0.0802188549594
15 17 0.0998186668419 -0.183704929333
15 18 0.140460395309 -0.288454972964
15 19 -0.335375254022 0.0551504627846
15 20 0.252261964124 -0.208773321508
15 21 0.292903692592 -0.313523365138
15 22 0.587637218146 -0.263923784293
15 23 0.628278946613 -0.368673827923
15 24 0.0406417284673 -0.10475004363
16 10 -0.230149618362 0.0367272786711
16 11 -0.378633243111 0.0604222971686
16 12 -0.70529721756 0.112551337863
16 13 -0.118428506794 -0.146012223038
16 14 -0.0703452456734 -0.250357342561
16 15 -0.148483624749 0.0236950184975
16 16 -0.475147599198 0.075824059192
16 17 0.111721111568 -0.182739501709
16 18 0.159804372688 -0.287084621232
16 19 -0.326663974449 0.0521290406945
16 20 0.260204736317 -0.206434520207
16 21 0.308287997438 -0.31077963973
16 22 0.586868710766 -0.258563560901
16 23 0.634951971886 -0.362908680424
16 24 0.0480832611207 -0.104345119523
17 10 -0.222260548371 0.0346625640549
17 11 -0.365654450547 0.0570255086064
17 12 -0.681121035332 0.10622398662
17 13 -0.0994872571964 -0.147006749457
17 14 -0.0443284060729 -0.250880691465
17 15 -0.143393902175 0.0223629445515
17 16 -0.45886048696 0.0715614225649
17 17 0.122773291175 -0.181669313512
17 18 0.177932142299 -0.28554325552
17 19 -0.315466584785 0.0491984780133
17 20 0.26616719335 -0.204032258063
17 21 0.321326044474 -0.307906200071
17 22 0.581633778135 -0.253230736077
17 23 0.636792629259 -0.357104678085
17 24 0.0551588511235 -0.103873942008
18 10 -0.212679941404 0.0326775777471
18 11 -0.349892806825 0.0537598859711
18 12 -0.651761110753 0.100140964064
18 13 -0.0797888494993 -0.147824931773
18 14 -0.0179742005359 -0.251165028803
18 15 -0.137212865422 0.021082308224
18 16 -0.439081169349 0.0674633863166
18 17 0.132891091904 -0.18050250952
18 18 0.194705740868 -0.28384260655
18 19 -0.301868303928 0.0463810780927
18 20 0.270103957326 -0.201584817744
18 21 0.331918606289 -0.304924914774
18 22 0.571972261254 -0.247965895837
18 23 0.633786910217 -0.351305992867
18 24 0.0618146489634 -0.10334009703
19 10 -0.201480711662 0.0307874266923
19 11 -0.331468267573 0.0506502826228
19 12 -0.617440890577 0.0943485656699
19 13 -0.0594832004798 -0.148460543124
19 14 0.00851679952021 -0.251208190596
19 15 -0.129987555911 0.0198628559305
19 16 -0.415960178915 0.0635611389776
19 17 0.141997511182 -0.179247969816
19 18 0.209997511182 -0.281995617289
19 19 -0.285972623004 0.0436982830471
19 20 0.271985067093 -0.199110825746
19 21 0.339985067093 -0.301858473219
19 22 0.557957690097 -0.242809108794
19 23 0.625957690097 -0.345556756266
19 24 0.068 -0.102747647473
20 10 -0.188748092047 0.0290064960812
20 11 -0.310521054658 0.0477203645207
20 12 -0.578421572403 0.0888908750876
20 13 -0.0387248483877 -0.148908746124
20 14 0.0349429815894 -0.251009848358
20 15 -0.121772962611 0.0187138684395
20 16 -0.389673480356 0.0598843790064
20 17 0.15002324366 -0.177915242205
20 18 0.223691073637 -0.280016344439
20 19 -0.267900517744 0.0411705105669
20 20 0.271796206271 -0.196629110644
20 21 0.345464036248 -0.298730212878
20 22 0.539696724015 -0.237799621211
20 23 0.613364553992 -0.339900723445
20 24 0.0736678299771 -0.102101102234
21 10 -0.174578985483 0.0273483398712
21 11 -0.28721058902 0.0449924301106
21 12 -0.535000116802 0.0838094286374
21 13 -0.0176717768166 -0.149166129677
21 14 0.0611032264696 -0.250571511591
21 15 -0.112631603537 0.0176440902395
21 16 -0.360421131319 0.0564610887662
21 17 0.156907208666 -0.176514469548
21 18 0.235682211952 -0.277919851462
21 19 -0.247789527782 0.0388169985268
21 20 0.269538812204 -0.194158559788
21 21 0.34831381549 -0.295563941702
21 22 0.517328339986 -0.232975558315
21 23 0.596103343272 -0.334380940229
21 24 0.0787750032862 -0.101405381914