2	3C105		0.0155997557	8.1386388244	0.9459156304	5.1638801219	1.8848851474	0.2565416021	0.093641509
2	3C105		0.0061841201	10.2199781566	0.9302108745	10.0700480233	4.8219299473	0.197265643	0.0944598527
3	3C109		0.0022597257	9.1514030722	1.0276440836	17.9476611246	13.6470555947	0.1341088898	0.101978546
3	3C109		0.0035800805	10.4452699632	0.9795748293	12.8504769655	5.4269667743	0.1612358436	0.0680970762
6	3C123		0.0190990928	3.6491080742	1.1854177463	12.8617451838	3.4117369216	1.1358292289	0.3013124496
6	3C123		0.0431219087	4.4325061031	0.5269931915	9.4891989417	0.7920502334	0.917150424	0.0765743741
6	3C123		0.0337410815	5.3651164224	0.9148723115	13.2546606462	4.3162430808	1.4462339553	0.4709628366
7	3C131		0.0069960986	4.5898113747	0.5987688382	11.6240999003	3.4649836183	0.1934495084	0.0576676545
7	3C131		0.005251011	5.7687404052	0.8036710303	11.8621348572	4.9579875102	0.2014978267	0.084222193
7	3C131		0.0209583502	6.5636570292	0.4496326914	5.6112764866	0.6777599986	0.2086119024	0.0251983384
7	3C131		0.0570464116	7.2272380784	0.6158920594	5.7229939898	0.6206471126	0.6758312798	0.0732931117
8	3C132		0.0032659482	7.8246746328	0.8989568346	14.5253188278	5.420848084	0.1165794861	0.0435117074
9	3C133		0.1008097001	7.6637438792	0.5276812082	4.2131198144	0.4388275587	0.8627102835	0.0898577949
9	3C133		0.0148657571	7.936197367	1.2220986071	6.8062740061	3.0610739138	1.8622347228	0.8375270737
14	3C154		0.0265804815	-2.3249473111	0.7438684591	1.5630911683	1.9493493394	0.1092588209	0.1362580171
14	3C154		0.0099862533	-1.3865469853	0.8328039076	3.0440806308	5.0857208391	0.1053523411	0.1760114928
14	3C154		0.0037664477	2.2280598346	1.137244801	2.375121104	6.6719222536	0.0377321679	0.1059931576
16	3C167		0.0106248862	18.4558627996	1.4895221494	11.2237547056	1.7687196818	0.1878315233	0.0297001063
18	3C18		0.0030646925	-8.5194477705	2.6370472206	5.6940293299	6.9132040992	0.235976531	0.2865029666
18	3C18		0.0055772659	-7.8215914826	0.6725647389	3.9008498359	3.7358534176	0.0684561521	0.0655608378
22	3C207		0.0150490567	4.547230854	0.7601312972	1.3284865045	1.6947588809	0.0502359168	0.0640862979
52	3C409		0.0058434328	14.5872909762	1.679392849	7.9334370564	7.4234349418	0.5878416745	0.5500524168
52	3C409		0.0204200739	15.3986904576	0.8942940452	1.701646906	2.3911065728	0.1235165611	0.1735620301
53	3C410		0.0120228976	6.247627036	1.0100094329	8.5498038315	3.934417957	0.3600202619	0.1656731936
53	3C410		0.0042077213	10.7057421926	0.6780676901	10.9584604169	6.2037741039	0.1289475429	0.0730003435
53	3C410		0.0052167411	11.6633523987	0.8289970778	5.2458619966	4.6849971053	0.088044135	0.0786310684
54	3C454.3		0.0012467386	-10.6444491625	0.6828200339	0.0	0.0	0.0	0.0
54	3C454.3		0.0026511227	-9.4943481271	1.0240290769	3.8400639895	9.0988056935	0.0361361124	0.0856224314
59	3C75		0.0070825597	-10.3587403008	1.2965315005	0.8079604658	5.545111407	0.024978905	0.1714326718
69	4C13.67		0.0464410248	4.8524472583	1.1035424991	5.9980205321	1.9817995968	0.9757677761	0.3224317956
74	4C22.12		0.0058133906	-2.8380195248	0.7876164837	2.4429404795	5.1039804926	0.0373644316	0.078065201
74	4C22.12		0.0172051335	-1.780197441	0.5582443846	1.6843904071	2.2526975368	0.0537355078	0.0718659474
79	G196.6+0.2	0.0044000345	3.325824638	2.3619212295	8.2532382998	7.2499183434	0.2060882145	0.181039193
79	G196.6+0.2	0.0020757238	10.7301990408	1.0823616383	27.4258599238	2.7819162996	0.0734165892	0.0075721428
80	G197.0+1.1	0.0125687529	4.8332656469	1.8805987135	8.1145186375	3.8309230211	0.6367077877	0.3005967342
80	G197.0+1.1	0.0058516127	7.4552897441	0.6486745121	6.4025731939	4.5134751106	0.071420773	0.0503503868
80	G197.0+1.1	0.0048966943	17.0058495211	2.4678464699	14.4993314065	7.2399456134	0.6256428382	0.3124100809
80	G197.0+1.1	0.0051847025	17.5935113651	0.2465448181	11.4759402265	2.3221797004	0.0980778986	0.0198565411
80	G197.0+1.1	0.0237429446	32.0104856722	0.5680184361	5.2779941788	2.029145345	0.2263351298	0.0870164112
87	P0428+20	0.0014406617	3.5988409886	1.0123266046	10.1085719362	4.5776381724	0.0445693049	0.0201855979
87	P0428+20	0.0075433912	10.7028022288	1.0918119644	12.2640876628	3.4079021276	0.3414783943	0.0948904059
94	T0526+24	0.0171883314	7.5524145941	1.9014837034	10.1823042004	0.9222102719	0.4397398872	0.0403665727
96	T0629+10	0.005		0.35		1.1		1.5336321185	3.5460864055	0.0446518139	0.1032446285
96	T0629+10	0.0168		1.43		1.42		1.4728762711	2.1463970748	0.1224315511	0.1784174188
96	T0629+10	0.163		3.5827		0.751		3.790506006	0.5605810475	1.6564752007	0.24497758
96	T0629+10	0.081		4.626		0.7289		6.0940219476	0.883496434	1.156898384	0.1677246539
96	T0629+10	0.0749		6.07		0.76		4.9497317684	1.1467248095	1.0017303474	0.2320751913
96	T0629+10	0.037		6.87		0.48588		4.2690167166	0.5379727491	0.3766393608	0.0474637447
96	T0629+10	0.017		7.9043		0.7586		2.9012007452	1.7416466848	0.1313773559	0.078868542
