2	3C105		0.0155997558	8.1386388246	0.9459156316	4.1792439755	0.9424425737	0.2076248711	0.0468210794
2	3C105		0.0061841208	10.2199781523	0.9302108297	6.6323279263	2.4109649736	0.1299229586	0.0472304425
3	3C109		0.0022597257	9.1514030722	1.0276440836	10.6190861184	6.8235277973	0.079348158	0.0509902199
3	3C109		0.0035800805	10.4452699632	0.9795748293	8.0704940388	2.7134833872	0.1012610597	0.0340498494
6	3C123		0.0190990933	3.6491082541	1.1854181954	19.4308725919	1.7058684608	1.7159532177	0.1507362933
6	3C123		0.0431219006	4.432506101	0.5269930754	17.7445994709	0.3960251167	1.7150517159	0.0384239668
6	3C123		0.0337410799	5.3651163937	0.914872426	19.6273303231	2.1581215404	2.1415645653	0.2355269299
7	3C131		0.0069960987	4.5898113778	0.5987688639	7.5866695145	1.7324918092	0.126258162	0.028834893
7	3C131		0.0052510123	5.7687403515	0.8036708727	7.705686993	2.4789937551	0.1308937388	0.0421120042
7	3C131		0.0209583507	6.5636570277	0.4496327178	4.5802578077	0.3388799993	0.1702814496	0.0126000655
7	3C131		0.0570464117	7.2272380813	0.6158920547	4.6361165593	0.3103235563	0.5474813696	0.036647025
8	3C132		0.0032659482	7.8246746328	0.8989568346	8.9477017827	2.710424042	0.0718138093	0.0217569542
9	3C133		0.1008096955	7.6637438741	0.5276811897	3.8163004494	0.2194137793	0.7814545486	0.0449290623
9	3C133		0.0148657624	7.9361972885	1.2220984222	5.1128775453	1.5305369569	1.3989119583	0.418763594
14	3C154		0.0265804798	-2.3249473812	0.743868312	2.5007885221	0.9746746697	0.174803115	0.068129283
14	3C154		0.009986253	-1.3865471888	0.8328043941	3.2412832534	2.5428604195	0.1121773108	0.0880060827
14	3C154		0.0037664465	2.228059722	1.1372439607	2.90680349	3.3359611268	0.0461786968	0.0529970989
16	3C167		0.0106248862	18.4558627996	1.4895221494	7.4554424231	0.8843598409	0.1247681497	0.0148882892
18	3C18		0.0030646925	-8.5194477705	2.6370472206	4.466639979	3.4566020496	0.1851100769	0.1432517878
18	3C18		0.0055772659	-7.8215914826	0.6725647389	3.570050232	1.8679267088	0.0626509381	0.0327806701
22	3C207		0.0150490567	4.547230854	0.7601312972	2.2204994206	0.8473794405	0.0839668477	0.0320432094
52	3C409		0.0058434358	14.5872914976	1.6793930563	6.0532824306	3.7117174709	0.4485283812	0.2750263592
52	3C409		0.0204200692	15.3986904946	0.8942939181	2.9373873554	1.1955532864	0.2132146119	0.0867811129
53	3C410		0.0120228968	6.247627036	1.0100094744	6.2562587552	1.9672089785	0.2634422917	0.0828368053
53	3C410		0.0042077215	10.7057420608	0.6780674499	7.4605870479	3.101887052	0.0877882779	0.0365005594
53	3C410		0.0052167417	11.663352251	0.8289969372	4.6042878377	2.3424985527	0.0772762494	0.0393157754
54	3C454.3		0.0012467386	-10.6444491625	0.6828200339	0.0	0.0	0.0	0.0
54	3C454.3		0.0026511227	-9.4943481271	1.0240290769	3.5674411492	4.5494028468	0.0335706527	0.0428112636
59	3C75		0.0070825597	-10.3587403008	1.2965315005	2.0159479118	2.7725557035	0.0623250437	0.0857164893
69	4C13.67		0.0464410253	4.8524472714	1.1035425556	5.1106466666	0.9908997984	0.8314083465	0.1612438832
74	4C22.12		0.0058133906	-2.8380195248	0.7876164837	3.0563332661	2.5519902463	0.0467461881	0.0390340107
74	4C22.12		0.0172051335	-1.780197441	0.5582443846	2.6770582299	1.1263487684	0.0854036468	0.035934234
79	G196.6+0.2	0.0044000345	3.325824638	2.3619212295	5.9728344599	3.6249591717	0.1491451894	0.0905220425
79	G196.6+0.2	0.0020757238	10.7301990408	1.0823616383	15.5591452719	1.3909581498	0.0416504489	0.0038038716
80	G197.0+1.1	0.0125687529	4.8332656469	1.8805987135	5.8783654207	1.9154615106	0.4612474516	0.1502996729
80	G197.0+1.1	0.0058516127	7.4552897441	0.6486745121	5.0223926989	2.2567375553	0.0560248447	0.0251770369
80	G197.0+1.1	0.0048966943	17.0058495211	2.4678464699	9.0707718053	3.6199728067	0.3914017314	0.1562073254
80	G197.0+1.1	0.0051847025	17.5935113651	0.2465448181	7.5590762152	1.1610898502	0.0646028383	0.0099320493
80	G197.0+1.1	0.0237429446	32.0104856722	0.5680184361	4.4601031914	1.0145726725	0.1912616802	0.0435091265
87	P0428+20	0.0014406617	3.5988409886	1.0123266046	6.7881981508	2.2888190862	0.0299295761	0.0100938093
87	P0428+20	0.0075433912	10.7028022288	1.0918119644	7.8659560141	1.7039510638	0.2190178433	0.0474457111
94	T0526+24	0.0171883314	7.5524145941	1.9014837034	6.9227786818	0.4611051359	0.29897181	0.020409445
96	T0629+10	0.005		0.35		1.1		2.555785441	1.7730432028	0.0744118844	0.0516226044
96	T0629+10	0.0168		1.43		1.42		2.5254075173	1.0731985374	0.2099222899	0.0892089257
96	T0629+10	0.163		3.5827		0.751		3.6842223848	0.2802905237	1.6100285832	0.1224889312
96	T0629+10	0.081		4.626		0.7289		4.8359803556	0.441748217	0.9180698571	0.0838625918
96	T0629+10	0.0749		6.07		0.76		4.263835266	0.5733624048	0.86291811	0.1160377757
96	T0629+10	0.037		6.87		0.48588		3.9234777401	0.2689863746	0.3461537507	0.0237323758
96	T0629+10	0.017		7.9043		0.7586		3.2395697544	0.8708233424	0.1466999859	0.0394346396
