# src        v1 v2     wco
-----------------------------
0 3c105f.dat 7.38 	11.05 	1.57
1 3c123f.dat 1.98 	6.4 	14.25
2 3c131f.dat 3.83 	8.65 	4.87
3 3c133f.dat 5.65 	8.84	 3.05
4 3c154f.dat -5.67	 0.07	 8.27
5 3c167f.dat 15.57 	20.25 	3.25
6 3c207f.dat 3.63 	7.16	 0.45
7 3c353f.dat -2.3 	1.17 	4.08
8 3c410f.dat 4.86	 7.06	 1.44
9 3c4543f.dat -10.67 	-7.27	 4.31
10 3c75f.dat -11.56 	-9.03	 1.55
11 4c1367f.dat 2.33	 9.02 	14.26
12 4c2212f.dat -4.11 	-1.17 	2.33
13 g196602f.dat 0.98 	5.05 	0.69
14 g197011f.dat 1.05	 9.28 	6.62
15 p042820f.dat 9.41 	12.03 	1.13
16 t052624f.dat 4.25 	9.81 	10.3
17 t062910f.dat -0.84 	8.5 	43.12
