#	src		coy-n	l	b	ra.icrs		de.icrs	l	b	ra.j2000	de.j2000	Ta(K)	ra		de	
===================================================================================================================================================
0	3C18		0	118.6	-52.7	10.21		10.0565	118.6	-52.7	00h40m50.4	+10d03m23 	77.737	10.21		10.0565
1	3C33-1		-1	129.4	-49.3	17.211		13.3085	129.4	-49.3	01h08m50.6	+13d18m31 	131.671	17.211		13.3085
2	3C33		0	129.4	-49.3	17.2189		13.3266	129.4	-49.3	01h08m52.5	+13d19m36 	119.966	17.2189		13.3266
3	3C33-2		-1	129.5	-49.3	17.2332		13.3724	129.5	-49.3	01h08m56.0	+13d22m21 	26.978	17.2332		13.3724
4	3C64		0	157.8	-48.2	35.4955		8.4495	157.8	-48.2	02h21m58.9	+08d26m58 	29.84	35.4955		8.4495
5	3C75-1		-1	170.2	-44.9	44.4109		6.0638	170.2	-44.9	02h57m38.6	+06d03m50 	37.402	44.4109		6.0638
6	3C75		1	170.3	-44.9	44.4322		6.0454	170.3	-44.9	02h57m43.7	+06d02m44 	54.903	44.4322		6.0454
7	3C75-2		-1	170.3	-44.9	44.4483		6.0207	170.3	-44.9	02h57m47.6	+06d01m14 	31.018	44.4483		6.0207
8	3C78		0	174.9	-44.5	47.1096		4.1111	174.9	-44.5	03h08m26.3	+04d06m40 	104.002	47.1096		4.1111
9	3C79		-1	164.1	-34.5	47.5006		17.0992	164.1	-34.5	03h10m00.2	+17d05m57 	75.156	47.5006		17.0992
10	CTA21		-1	166.6	-33.6	49.7407		16.4756	166.6	-33.6	03h18m57.8	+16d28m32 	143.077	49.7407		16.4756
11	P0320+05	-1	177	-40.8	50.8342		5.5698	177	-40.8	03h23m20.2	+05d34m11 	42.038	50.8342		5.5698
12	NRAO140		-1	159	-18.8	54.1263		32.3082	159	-18.8	03h36m30.3	+32d18m29 	36.623	54.1263		32.3082
13	3C93.1		-1	160	-15.9	57.1946		3.8873	160	-15.9	03h48m46.7	+33d53m14 	28.882	57.1946		33.8873
14	P0347+05	-1	182.3	-35.7	57.4448		5.8606	182.3	-35.7	03h49m46.7	+05d51m38 	46.132	57.4448		5.8606
15	3C98-1		-1	179.9	-31.1	59.7143		10.3982	179.9	-31.1	03h58m51.4	+10d23m54 	50.627	59.7143		10.3982
16	3C98		0	179.8	-31	59.7303		10.4365	179.8	-31	03h58m55.3	+10d26m11 	84.797	59.7303		10.4365
17	3C98-2		-1	179.8	-31	59.7446		10.4583	179.8	-31	03h58m58.7	+10d27m30 	83.599	59.7446		10.4583
18	3C105		1	187.6	-33.6	61.8429		3.69	187.6	-33.6	04h07m22.3	+03d41m24 	52.61	61.8429		3.69
19	3C109		0	181.8	-27.8	63.4188		11.2027	181.8	-27.8	04h13m40.5	+11d12m10 	57.264	63.4188		11.2027
20	P0428+20	1	176.8	-18.6	67.7647		20.627	176.8	-18.6	04h31m03.5	+20d37m37 	55.453	67.7647		20.627
21	3C120		0	190.4	-27.4	68.2958		5.3542	190.4	-27.4	04h33m11.0	+05d21m15 	82.431	68.2958		5.3542
22	3C123		1	170.6	-11.7	69.2683		29.6708	170.6	-11.7	04h37m04.4	+29d40m15 	748.469	69.2683		29.6708
23	3C131		1	171.4	-7.8	73.3476		31.4905	171.4	-7.8	04h53m23.4	+31d29m26 	40.636	73.3476		31.4905
24	3C132		0	178.9	-12.5	74.1796		22.8226	178.9	-12.5	04h56m43.1	+22d49m22 	57.778	74.1796		22.8226
25	3C133		1	177.7	-9.9	75.7434		25.2737	177.7	-9.9	05h02m58.4	+25d16m25 	86.029	75.7434		25.2737
26	3C138		0	187.4	-11.3	80.2912		16.6392	187.4	-11.3	05h21m09.9	+16d38m21 	120.043	80.2912		16.6392
27	3C141.0		-1	174.5	-1.3	81.6834		32.8355	174.5	-1.3	05h26m44.0	+32d50m08 	27.197	81.6834		32.8355
28	T0526+24	1	181.4	-5.2	82.2925		25.0145	181.4	-5.2	05h29m10.2	+25d00m52 	16.522	82.2925		25.0145
29	3C142.1		0	197.6	-14.5	82.8721		6.5073	197.6	-14.5	05h31m29.3	+06d30m26 	48.409	82.8721		6.5073
30	P0531+19	0	186.8	-7.1	83.6858		19.4541	186.8	-7.1	05h34m44.6	+19d27m15 	103.871	83.6858		19.4541
31	T0556+19	-1	190.1	-2.2	89.9823		19.148	190.1	-2.2	05h59m55.8	+19d08m53 	15.996	89.9823		19.148
32	4C22.12		1	188.1	0	90.9636		22.0121	188.1	0	06h03m51.3	+22d00m44 	31.213	90.9636		22.0121
33	3C154		1	185.6	4	93.4551		26.0759	185.6	4	06h13m49.2	+26d04m33 	77.568	93.4551		26.0759
34	T0629+10	1	201.5	0.5	98.0637		10.3671	201.5	0.5	06h32m15.3	+10d22m02 	41.528	98.0637		10.3671
35	3C167		1	207.3	1.2	101.3201	5.5269	207.3	1.2	06h45m16.8	+05d31m37 	26.655	101.3201	5.5269
36	3C172.0		-1	191.2	13.4	105.5341	25.2289	191.2	13.4	07h02m08.2	+25d13m44 	39.405	105.5341	25.2289
37	DW0742+10	-1	209.8	16.6	116.3867	10.187	209.8	16.6	07h45m32.8	+10d11m13 	56.501	116.3867	10.187
38	3C190.0		-1	207.6	21.8	120.3901	14.2445	207.6	21.8	08h01m33.6	+14d14m40 	42.579	120.3901	14.2445
39	3C192		0	197.9	26.4	121.3943	24.166	197.9	26.4	08h05m34.6	+24d09m58 	61.927	121.3943	24.166
40	P0820+22	-1	201.4	29.7	125.8523	22.3846	201.4	29.7	08h23m24.6	+22d23m05 	34.167	125.8523	22.3846
41	3C207		1	213	30.1	130.1987	13.2067	213	30.1	08h40m47.7	+13d12m24 	43.041	130.1987	13.2067
42	3C208.0		-1	213.7	33.2	133.2889	13.8815	213.7	33.2	08h53m09.3	+13d52m54 	40.891	133.2889	13.8815
43	3C208.1		-1	213.6	33.6	133.6669	14.0968	213.6	33.6	08h54m40.1	+14d05m49 	37.103	133.6669	14.0968
44	3C223		-1	188.4	48.7	144.9687	35.9012	188.4	48.7	09h39m52.5	+35d54m04 	17.408	144.9687	35.9012
45	3C225a		-1	219.9	44	145.5353	13.8648	219.9	44	09h42m08.5	+13d51m53 	20.262	145.5353	13.8648
46	3C225b		-1	220	44	145.5645	13.763	220	44	09h42m15.5	+13d45m47 	65.05	145.5645	13.763
47	3C228.0		-1	220.8	46.6	148.2747	14.3305	220.8	46.6	09h53m05.9	+14d19m50 	60.652	148.2747	14.3305
48	3C234		-1	200.2	52.7	150.454		28.7866	200.2	52.7	10h01m49.0	+28d47m12 	69.032	150.454		28.7866
49	3C236		-1	190.1	54	151.5077	34.9032	190.1	54	10h06m01.8	+34d54m12 	34.931	151.5077	34.9032
50	3C237		0	232.1	46.6	152.0005	7.5045	232.1	46.6	10h08m00.1	+07d30m16 	115.829	152.0005	7.5045
51	3C245		0	233.1	56.3	160.6863	12.0587	233.1	56.3	10h42m44.7	+12d03m31 	52.961	160.6863	12.0587
52	P1055+20	0	222.5	63.1	164.574		19.8661	222.5	63.1	10h58m17.8	+19d51m58 	40.565	164.574		19.8661
53	P1117+14	-1	240.4	65.8	170.8098	14.3182	240.4	65.8	11h23m14.4	+14d19m05 	41.403	170.8098	14.3182
54	3C263.1		-1	228.3	74.4	176.5828	22.0693	228.3	74.4	11h46m19.9	+22d04m10 	51.302	176.5828	22.0693
55	3C264.0		-1	237	73.6	177.0189	19.5921	237	73.6	11h48m04.5	+19d35m32 	63.447	177.0189	19.5921
56	3C267.0		-1	256.3	70.1	178.1808	12.7505	256.3	70.1	11h52m43.4	+12d45m02 	36.972	178.1808	12.7505
57	3C272.1		-1	280.6	74.7	186.9601	12.8465	280.6	74.7	12h27m50.4	+12d50m47 	89.259	186.9601	12.8465
58	3C273		0	289.9	64.4	187.2766	2.0513	289.9	64.4	12h29m06.4	+02d03m05 	756.289	187.2766	2.0513
59	3C274.1		0	269.9	83.2	188.8621	21.3431	269.9	83.2	12h35m26.9	+21d20m35 	35.079	188.8621	21.3431
60	4C07.32		-1	322.2	68.8	199.7638	7.0043	322.2	68.8	13h19m03.3	+07d00m15 	21.868	199.7638	7.0043
61	4C32.44		-1	67.2	81	201.5722	31.9054	67.2	81	13h26m17.3	+31d54m20 	61.732	201.5722	31.9054
62	3C286		-1	56.5	80.7	202.7849	30.5101	56.5	80.7	13h31m08.4	+30d30m36 	219.683	202.7849	30.5101
63	3C293		-1	54.6	76.1	208.0729	31.4492	54.6	76.1	13h52m17.5	+31d26m57 	65.55	208.0729	31.4492
64	4C19.44		-1	9	73	209.2683	19.3188	9	73	13h57m04.4	+19d19m08 	37.261	209.2683	19.3188
65	4C20.33		-1	20.2	66.8	216.9585	19.9966	20.2	66.8	14h27m50.0	+19d59m48 	30.362	216.9585	19.9966
66	3C310		0	38.5	60.2	226.2428	26.0166	38.5	60.2	15h04m58.3	+26d01m00 	64.03	226.2428	26.0166
67	3C315		0	39.3	58.5	228.418		26.1247	39.4	58.3	15h13m40.3	+26d07m29 	61.883	228.418		26.1247
68	3C318		0	30	54.8	230.7254	20.2507	30	54.8	15h22m54.1	+20d15m03 	45.759	230.7254	20.2507
69	3C333		0	37.6	42.3	244.3151	21.1258	37.3	43	16h17m15.6	+21d07m33 	29.113	244.3151	21.1258
70	3C348		0	23	29.2	252.5484	5.0418	23	29.2	16h50m11.6	+05d02m30 	634.463	252.5484	5.0418
71	3C353		1	21.1	19.9	259.874		-0.941	21.1	19.9	17h19m29.8	-00d56m28 	527.733	259.874		-0.941
72	4C13.65		0	39.6	17.1	269.6293	13.4751	39.3	17.7	17h58m31.0	+13d28m30 	39.316	269.6293	13.4751
73	4C13.67		1	43.5	9.2	279.378		13.5118	43.5	9.2	18h37m30.7	+13d30m42 	25.535	279.378		13.5118
74	3C409		0	63.3	-5.9	303.6158	23.5813	63.4	-6.1	20h14m27.8	+23d34m53 	242.444	303.6158	23.5813
75	3C410		1	69.2	-3.8	305.0248	29.7021	69.2	-3.8	20h20m06.0	+29d42m07 	144.605	305.0248	29.7021
76	3C433		0	74.5	-17.7	320.9364	25.0702	74.5	-17.7	21h23m44.7	+25d04m13 	200.294	320.9364	25.0702
77	3C454.0		0	88.1	-35.9	343.6001	18.8934	88.1	-35.9	22h54m24.0	+18d53m36 	37.019	343.6001	18.8934
78	3C454.3		1	86	-38.1	343.4903	16.1486	86.1	-38.2	22h53m57.7	+16d08m55 	274.384	343.4903	16.1486
