src		l		b		il	ib	tbg1665 from408	Tex
=============================================================================================
3C105		187.632553101	-33.6090278625	563.0	169.0	3.33412037773	7.21788965299
3C109		181.827896118	-27.7768802643	545.0	187.0	3.43353695321	16.3584440884
3C123		170.581436157	-11.6607217789	512.0	235.0	3.73763473537	-12.0713707929
3C131		171.436828613	-7.79669475555	514.0	247.0	3.58948451093	9.23202545575
3C132		178.859802246	-12.5218839645	537.0	232.0	3.44328367557	10.6294089967
3C133		177.725738525	-9.91240787506	533.0	240.0	3.55439632531	4.39871896363
3C154		185.593215942	4.00309324265	557.0	282.0	3.60507925183	-2.04586766555
3C167		207.311920166	1.15291512012	622.0	273.0	3.68110371596	9.52836473465
3C18		118.621551514	-52.7265319824	356.0	112.0	3.36141123008	4.01556432772
3C207		212.968109131	30.1389598846	639.0	360.0	3.18207152384	0.968152944038
3C409		63.3982963562	-6.12196683884	190.0	252.0	4.31464074353	2.35198949365
3C410		69.2087936401	-3.76806855202	208.0	259.0	4.29319783537	6.94825340862
3C454.3		86.1108169556	-38.1830825806	258.0	155.0	3.47057452792	-3.4394738152
3C75		170.255615234	-44.9111557007	511.0	135.0	3.43158763849	1.60667636247
4C13.67		43.4968528748	9.15430736542	130.0	297.0	4.2386162794	5.12117599395
4C22.12		188.052368164	0.0470512732863	564.0	270.0	3.64796484507	-2.75953306546
G196.6+0.2	196.640350342	0.167616575956	590.0	271.0	3.71424258684	17.699380776
G197.0+1.1	196.982910156	1.10338318348	591.0	273.0	3.68500241977	12.5948335679
P0428+20	176.808151245	-18.5568180084	530.0	214.0	3.4510810832	11.4741190038
P0531+19	186.763473511	-7.10847568512	560.0	249.0	3.7239893092	-26.4139461334
T0526+24	181.355117798	-5.19333171844	544.0	254.0	3.62652208563	11.8471229847
T0556+19	190.089324951	-2.16651010513	570.0	264.0	3.71814129066	8.44027500593
T0629+10	201.531524658	0.5078779459	605.0	272.0	3.54854830677	2.98496555847
W51c3		49.0960273743	-0.343719124794	147.0	269.0	11.0944607259	7.13374164131
