#       src             A            tau0	width	base_range	v1	v2	tc	bg_off	tbg	baseline (after checking chi2)
======================================================================================================================================
0 	1325+32		0.		0.	0.	0.	0.	0.
1 	1325+32		0.		0.	0.	0.	0.	0.
2 	3C105		0.01558		8.1386  0.9448	52.22	52.26	879	1460	59.15	70.9	3.44514 70.9
2 	3C105		0.008		10.2192 0.924	52.22	52.26	879	1460	59.15	70.9 	3.44514 70.9
3 	3C109 		0.00219		9.1622	0.997	47.018	47.03	806	951	59.1873	47.0202	3.52802	47.02	
3 	3C109 		0.055		10.440	0.954	47.018	47.03	806	951	59.1873	47.0202	3.52802	47.02
4 	3C120		0.		0.	0.	0.	0.	0.
5 	3C123N		0.		0.	0.	0.	0.	0.
6 	3C123 		0.018		3.36	0.3	26. 	26.1	966	1023	520.	89.05	25.0	89.05
6 	3C123 		0.1		4.44	0.3	26. 	26.1	966	1023	520.	89.05	25.0	89.05
6 	3C123 		0.04		5.47	0.7	26. 	26.1	966	1023	520.	89.05	25.0	89.05
7 	3C131 		0.015		4.47	0.4	51.06	51.12	733	1169	47.7	51.08	3.70722	51.08
7 	3C131 		0.012		5.76	0.1	51.06	51.12	733	1169	47.7	51.08	3.70722	51.08
7 	3C131 		0.038		6.6	0.2	51.06	51.12	733	1169	47.7	51.08	3.70722	51.08
7 	3C131 		0.1		7.2	0.6	51.06	51.12	733	1169	47.7	51.08	3.70722	51.08
8 	3C132 		0.07		7.7	0.5	71.9	72.0	821	994	50.17	71.915	3.53922	71.915
9 	3C133  		0.1		7.7	0.4	71.75	71.78	733	1169	73.	71.755	3.6669  71.755
9 	3C133  		0.02		8.7	0.6	71.75	71.78	733	1169	73.	71.755	3.6669  71.755
10 	3C138		0.		0.	0.	0.	0.	0.
11 	3C141.0		0.		0.	0.	0.	0.	0.
12 	3C142.1		0.		0.	0.	0.	0.	0.
13 	3C154E		0.		0.	0.	0.	0.	0.
14 	3C154 		0.03		-2.3	0.4	74.6	75.	923	1125	68.4	74.740	3.72515	74.740
14 	3C154 		0.012		-1.34	0.3	74.6	75.	923	1125	68.4	74.740	3.72515	74.740
14 	3C154 		0.07		2.0	0.4	74.6	75.	923	1125	68.4	74.740	3.72515	74.740
15 	3C167E		0.		0.	0.	0.	0.	0.
16 	3C167 		0.02		18.0	0.6	74.84	74.88	733	1023	19.8	74.88	3.81251	74.88
17 	3C172.0		0.		0.	0.	0.	0.
18 	3C18 		0.003		-9.4	2.576	70.88	70.93	879	1460	59.15	70.90	3.44514	70.90
18 	3C18 		0.00559		-7.8	0.67	70.88	70.93	879	1460	59.15	70.90	3.44514	70.90
19 	3C190.0		0.		0.	0.	0.	0.	0.
20 	3C192N		0.		0.	0.	0.	0.	0.
21 	3C192		0.		0.	0.	0.	0.	0.
22 	3C207 		0.025		4.5	0.5	71.5	71.6	733	1169	41.3	71.5475	3.23905	71.5475
23 	3C208.0		0.		0.	0.	0.	0.	0.
24 	3C208.1		0.		0.	0.	0.	0.	0.
25 	3C223		0.		0.	0.	0.	0.	0.
26 	3C225aN		0.		0.	0.	0.	0.	0.
27 	3C225a		0.		0.	0.	0.	0.	0.
28 	3C225b		0.		0.	0.	0.	0.	0.
29 	3C234		0.		0.	0.	0.	0.	0.
30 	3C236		0.		0.	0.	0.	0.	0.
31 	3C237N		0.		0.	0.	0.	0.	0.
32 	3C237		0.		0.	0.	0.	0.	0.
33 	3C245		0.		0.	0.	0.	0.	0.
34 	3C264.0		0.		0.	0.	0.	0.	0.
35 	3C270		0.		0.	0.	0.	0.	0.
36 	3C272.1		0.		0.	0.	0.	0.	0.
37 	3C273N		0.		0.	0.	0.	0.	0.
38 	3C273		0.		0.	0.	0.	0.	0.
39 	3C274.1		0.		0.	0.	0.	0.	0.
40 	3C286		0.		0.	0.	0.	0.	0.
41 	3C287		0.		0.	0.	0.	0.	0.
42 	3C293		0.		0.	0.	0.	0.	0.
43 	3C298		0.		0.	0.	0.	0.	0.
44 	3C310		0.		0.	0.	0.	0.	0.
45 	3C315		0.		0.	0.	0.	0.	0.
46 	3C318		0.		0.	0.	0.	0.	0.
47 	3C33-1		0.		0.	0.	0.	0.	0.
48 	3C33-2		0.		0.	0.	0.	0.	0.
49 	3C333		0.		0.	0.	0.	0.	0.
50 	3C33		0.		0.	0.	0.	0.	0.
51 	3C348		0.		0.	0.	0.	0.	0.
52 	3C409 		0.01		14.4	0.5	78.12	78.14	733	1169	189.	78.13	4.54053	78.13
52 	3C409 		0.05		15.5	0.5	78.12	78.14	733	1169	189.	78.13	4.54053	78.13
53 	3C410 		0.014		6.17	0.5	80.67	80.70	777	1023	147.8	80.67	4.51589	80.67
53 	3C410 		0.005		10.6	0.3	80.67	80.70	777	1023	147.8	80.67	4.51589	80.67
53 	3C410 		0.006		11.7	0.3	80.67	80.70	777	1023	147.8	80.67	4.51589	80.67
54 	3C454.3 	0.002		-10.6	0.35	76.97	76.98	879	1460	244.3	76.974	3.57058	76.974
54 	3C454.3 	0.003		-9.65	0.4	76.97	76.98
55 	3C64		0.		0.	0.	0.	0.	0.
56 	3C75-1		0.		0.	0.	0.	0.	0.
57 	3C75-2		0.		0.	0.	0.	0.	0.
58 	3C75N		0.		0.	0.	0.	0.	0.
59 	3C75 		0.015		-10.3	0.5	79.34	79.36	79.343
60 	3C78W		0.		0.	0.	0.	0.	0.
61 	3C78		0.		0.	0.	0.	0.	0.
62 	3C79		0.		0.	0.	0.	0.	0.
63 	3C93.1		0.		0.	0.	0.	0.	0.
64 	3C98-1		0.		0.	0.	0.	0.	0.
65 	3C98-2		0.		0.	0.	0.	0.	0.
66 	3C98		0.		0.	0.	0.	0.	0.
67 	4C07.32		0.		0.	0.	0.	0.	0.
68 	4C13.65		0.		0.	0.	0.	0.	0.
69 	4C13.67		0.06		4.8	0.4	73.75	73.83
70 	4C16.33		0.		0.	0.	0.	0.	0.
71 	4C19.44N	0.		0.	0.	0.	0.	0.
72 	4C19.44		0.		0.	0.	0.	0.	0.
73 	4C21.28		0.		0.	0.	0.	0.	0.
74 	4C22.12 	0.007		-3.0	0.3	70.28	70.32
74 	4C22.12 	0.02		-1.8	0.2	70.28	70.32
75 	4C32.44		0.		0.	0.	0.	0.	0.
76 	4C35.23		0.		0.	0.	0.	0.	0.
77 	CTA21		0.		0.	0.	0.	0.	0.
78 	DW0742+10	0.		0.	0.	0.	0.	0.
79 	G196.6+0.2  	0.004		3.3	1.0	70.33	70.35
79 	G196.6+0.2  	0.002		10.7	0.5	70.33	70.35
80 	G197.0+1.1	0.02		4.5	1.1	70.625	70.633
80 	G197.0+1.1	0.009		7.3	0.5	70.625	70.633
80 	G197.0+1.1	0.005		16.5	1.1	70.625	70.633
80 	G197.0+1.1	0.014		17.2	1.1	70.625	70.633
80 	G197.0+1.1	0.05		32.0	0.3	70.625	70.633
81 	HD149881	0.		0.	0.	0.	0.	0.
82 	HD215733	0.		0.	0.	0.	0.	0.
83 	HD93521		0.		0.	0.	0.	0.	0.
84 	NRAO140		0.		0.	0.	0.	0.	0.
85 	P0320+05	0.		0.	0.	0.	0.	0.
86 	P0347+05	0.		0.	0.	0.	0.
87 	P0428+20	0.003		3.45	0.3	47.26	47.28
87 	P0428+20	0.014		10.8	0.3	47.26	47.28
88 	P0531+19 	0.		0.	0.	0.	0.	0.
88 	P0531+19 	0.		0.	0.	0.	0.	0.
88 	P0531+19 	0.		0.	0.	0.	0.	0.
89 	P0820+22	0.		0.	0.	0.	0.	0.
90 	P1055+20N	0.		0.	0.	0.	0.	0.
91 	P1055+20	0.		0.	0.	0.	0.	0.
92 	P1117+14	0.		0.	0.	0.	0.	0.
93 	Q1552+19 	0.		0.	0.	0.	0.	0.
94 	T0526+24   	0.06		7.2	1.0 	69.81	69.83
95 	T0556+19 	0.		0.	0.	0.	0.	0.
95 	T0556+19 	0.		0.	0.	0.	0.	0.
96 	T0629+10	0.005		0.35	1.10	71.12	71.18
96 	T0629+10	0.0168		1.43	1.42	71.12	71.18
96 	T0629+10	0.163		3.5827	0.751	71.12	71.18
96 	T0629+10	0.081		4.626	0.7289	71.12	71.18
96 	T0629+10	0.0749		6.07	0.76	71.12	71.18
96 	T0629+10	0.037		6.87	0.48588	71.12	71.18
96 	T0629+10	0.017		7.9043	0.7586	71.12	71.18
97 	T0640+09	0.		0.	0.	0.	0.	0.
98 	TauA		0.		0.	0.	0.	0.	0.
99 	W49		0.		0.	0.	0.	0.	0.
100 	W51c3		0.		0.	0.	0.	0.	0.
100 	W51c3		0.		0.	0.	0.	0.	0.
100 	W51c3		0.		0.	0.	0.	0.	0.
100 	W51c3		0.		0.	0.	0.	0.	0.
