round patches, NSIDE = 2048, resolution = 1.7', beam = 3.5', dbeam = offset = 3.5/60./2., fukui_cf  = 2.10e26, planck_cf = 8.40e-27, pl_fact_err = 3.0e-27, fk_fact_err = 0.0 #unknown
#	src		N(HI)_Fukui	error_N(HI)	N(H)_planck	error_N(H)	N(HI)_heiles   	err_nhi_hl	err_nhi_hl	WNM	CNM	fk/hl	pl/hl	OH  N(HI)_thin
			[1e20]		[1e20]		[1e20]		[1e20]		[1e20]		(%)		[1e20]		[1e20]	[1e20]			    [1e20]
=================================================================================================================================================================================
0	3C18		21.71		0.2967		12.31		4.3989		5.98		-1.		0.9467		0.75	5.23	3.63	2.06	1    5.08
1	3C33		4.52		0.0639		2.56		0.9154		2.78		-1.		0.0426		1.14	1.64	1.63	0.92	0    2.77
2	3C64		13.09		0.2273		7.42		2.6528		6.33		-1.		0.1763		3.42	2.91	2.07	1.17	0    5.96
3	3C78		25.11		0.41		14.24		5.0895		10.07		-1.		0.4623		4.25	5.82	2.49	1.41	0    8.89
4	3C98		28.14		0.3464		15.95		5.7003		11.02		-1.		0.4088		4.92	6.1	2.55	1.45	0    9.73
5	3C109		75.32		0.969		42.7		15.2587		20.82		-1.		0.9971		5.31	15.52	3.62	2.05	1    13.72
6	3C120		54.65		0.7779		30.98		11.0726		15.94		-1.		1.8714		8.04	7.9	3.43	1.94	0    9.25
7	3C132		64.6		0.7179		36.62		13.0863		23.81		-1.		1.2848		16.16	7.66	2.71	1.54	1    19.66
8	3C138		44.22		0.5345		25.07		8.9589		19.85		-1.		0.9889		9.16	10.7	2.23	1.26	0    17.17
9	3C142.1		43.96		0.5731		24.92		8.9062		21.96		-1.		2.3047		13.85	8.11	2.0	1.13	0    16.91
10	P0531+19	45.05		0.4744		25.54		9.1244		23.84		-1.		0.6471		14.3	9.54	1.89	1.07	1    21.86
11	3C192		8.39		0.0874		4.76		1.6994		3.97		-1.		0.0434		3.5	0.47	2.11	1.2	0    3.89
12	3C237		4.41		0.0525		2.5		0.8927		2.2		-1.		0.0792		0.65	1.55	2.0	1.14	0    1.96
13	3C245		4.73		0.0541		2.68		0.9584		2.04		-1.		0.0346		1.55	0.48	2.32	1.31	0    2.09 
14	P1055+20	2.46		0.0509		1.4		0.4994		1.56		-1.		0.0355		1.2	0.36	1.58	0.89	0    1.54
15	3C273		2.74		0.0771		1.55		0.5563		1.93		-1.		0.0198		1.43	0.5	1.42	0.8	0    1.99
16	3C274.1		5.06		0.0403		2.87		1.0242		2.35		-1.		0.0351		2.06	0.3	2.15	1.22	0    2.24 
17	3C310		7.38		0.1448		4.18		1.4959		3.71		-1.		0.0953		2.6	1.11	1.99	1.13	0    3.42
18	3C315		8.21		0.1031		4.65		1.6629		4.76		-1.		0.3821		2.54	2.22	1.72	0.98	0    4.04
19	3C318		9.57		0.1584		5.42		1.9394		4.75		-1.		0.152		3.01	1.74	2.01	1.14	0    4.14
20	3C333		11.8		0.2078		6.69		2.3929		5.09		-1.		0.334		3.99	1.1	2.32	1.31	0    4.43
21	3C348		12.29		0.122		6.97		2.4897		5.7		-1.		0.159		4.15	1.55	2.16	1.22	0    5.20
22	4C13.65		23.98		0.3133		13.59		4.8583		9.18		-1.		0.136		7.72	1.46	2.61	1.48	0    8.51
23	3C409		92.71		1.214		52.56		18.7838		25.79		-1.		1.1212		19.73	6.06	3.59	2.04	1    20.81
24	3C433		17.33		0.2136		9.82		3.5098		7.89		-1.		0.1478		5.06	2.83	2.2	1.24	0    7.65
25	3C454.0		8.48		0.1295		4.81		1.7187		5.37		-1.		0.1096		4.13	1.24	1.58	0.9	0    5.19
