NSIDE = 2048, resolution = 1.7', beam = 3.5', dbeam = offset = 3*3.5/60./2., fukui_cf  = 2.10e26, planck_cf = 8.40e-27, pl_fact_err = 3.0e-27, fk_fact_err = 0.0 #unknown
#	src		N(HI)_Fukui	error_N(HI)	N(H)_planck	error_N(H)	N(HI)_heiles   fukui/heiles	planck/heiles	freq1	freq2
			[1e20]		[%]		[1e20]		[%]		[1e20]						[Hz]	[Hz]
======================================================================================================================================================================
0	3C18		21.7		0.51		12.3		35.72		5.99		3.62		2.05
1	3C33		4.56		0.62		2.59		35.72		2.78		1.64		0.93
2	3C64		13.56		0.6		7.69		35.72		6.33		2.14		1.21
3	3C78		23.35		0.51		13.24		35.72		10.06		2.32		1.32
4	3C98		28.38		0.45		16.09		35.72		11.02		2.58		1.46
5	3C109		76.95		0.47		43.62		35.72		20.82		3.7		2.1
6	3C120		44.43		0.51		25.19		35.72		15.94		2.79		1.58
7	3C132		67.75		0.41		38.41		35.72		23.81		2.85		1.61
8	3C138		43.04		0.47		24.4		35.72		19.84		2.17		1.23
9	3C142.1		41.36		0.47		23.45		35.72		21.96		1.88		1.07
10	P0531+19	47.15		0.44		26.73		35.72		23.84		1.98		1.12
11	3C192		8.13		0.4		4.61		35.72		3.97		2.05		1.16
12	3C237		4.2		0.49		2.38		35.72		2.2		1.91		1.08
13	3C245		4.73		0.47		2.68		35.72		2.03		2.33		1.32
14	P1055+20	2.43		0.57		1.38		35.72		1.57		1.55		0.88
15	3C273		3.49		0.98		1.98		35.73		1.93		1.81		1.02
16	3C274.1		5.2		0.41		2.95		35.72		2.36		2.2		1.25
17	3C310		6.72		0.65		3.81		35.72		3.71		1.81		1.03
18	3C315		7.96		0.44		4.51		35.72		4.77		1.67		0.95
19	3C318		9.73		0.49		5.51		35.72		4.75		2.05		1.16
20	3C333		11.35		0.65		6.43		35.72		5.09		2.23		1.26
21	3C348		12.77		0.43		7.24		35.72		5.69		2.24		1.27
22	4C13.65		22.3		0.47		12.64		35.72		9.16		2.43		1.38
23	3C409		93.04		0.49		52.74		35.72		25.81		3.6		2.04
24	3C433		18.2		0.45		10.32		35.72		7.89		2.31		1.31
25	3C454.0		7.89		0.44		4.47		35.72		5.39		1.46		0.83
