NSIDE = 2048, resolution = 1.7', beam = 3.5', dbeam = offset = 5*3.5/60./2., fukui_cf  = 2.10e26, planck_cf = 8.40e-27, pl_fact_err = 3.0e-27, fk_fact_err = 0.0 #unknown
#	src		N(HI)_Fukui	error_N(HI)	N(H)_planck	error_N(H)	N(HI)_heiles   fukui/heiles	planck/heiles	freq1	freq2
			[1e20]		[%]		[1e20]		[%]		[1e20]						[Hz]	[Hz]
======================================================================================================================================================================
0	3C18		22.27		0.35		12.63		35.72		5.99		3.72		2.11
1	3C33		4.9		0.38		2.78		35.72		2.78		1.76		1.0
2	3C64		13.89		0.38		7.87		35.72		6.33		2.19		1.24
3	3C78		23.64		0.3		13.4		35.72		10.06		2.35		1.33
4	3C98		28.8		0.29		16.33		35.72		11.02		2.61		1.48
5	3C109		78.6		0.31		44.56		35.72		20.82		3.78		2.14
6	3C120		41.81		0.31		23.7		35.72		15.94		2.62		1.49
7	3C132		68.75		0.27		38.98		35.72		23.81		2.89		1.64
8	3C138		44.21		0.29		25.06		35.72		19.84		2.23		1.26
9	3C142.1		40.31		0.31		22.85		35.72		21.96		1.84		1.04
10	P0531+19	48.22		0.27		27.33		35.72		23.84		2.02		1.15
11	3C192		8.15		0.26		4.62		35.72		3.97		2.05		1.16
12	3C237		4.04		0.35		2.29		35.72		2.2		1.84		1.04
13	3C245		4.91		0.29		2.78		35.72		2.03		2.42		1.37
14	P1055+20	2.5		0.37		1.42		35.72		1.57		1.59		0.9
15	3C273		2.37		0.84		1.34		35.72		1.93		1.23		0.7
16	3C274.1		5.15		0.28		2.92		35.72		2.36		2.18		1.24
17	3C310		6.2		0.42		3.51		35.72		3.71		1.67		0.95
18	3C315		7.96		0.28		4.51		35.72		4.77		1.67		0.95
19	3C318		9.71		0.33		5.5		35.72		4.75		2.04		1.16
20	3C333		10.95		0.4		6.21		35.72		5.09		2.15		1.22
21	3C348		12.75		0.3		7.23		35.72		5.69		2.24		1.27
22	4C13.65		21.85		0.32		12.39		35.72		9.16		2.39		1.35
23	3C409		91.55		0.31		51.9		35.72		25.81		3.55		2.01
24	3C433		18.22		0.29		10.33		35.72		7.89		2.31		1.31
25	3C454.0		7.6		0.29		4.31		35.72		5.39		1.41		0.8
