NSIDE = 2048, resolution = 1.7', beam = 3.5', dbeam = offset = 10*3.5/60./2., fukui_cf  = 2.10e26, planck_cf = 8.40e-27, pl_fact_err = 3.0e-27, fk_fact_err = 0.0 #unknown
#	src		N(HI)_Fukui	error_N(HI)	N(H)_planck	error_N(H)	N(HI)_heiles   fukui/heiles	planck/heiles	freq1	freq2
			[1e20]		[%]		[1e20]		[%]		[1e20]						[Hz]	[Hz]
======================================================================================================================================================================
0	3C18		21.44		0.19		12.16		35.71		5.99		3.58		2.03
1	3C33		5.35		0.2		3.03		35.71		2.78		1.92		1.09
2	3C64		12.93		0.2		7.33		35.71		6.33		2.04		1.16
3	3C78		23.94		0.15		13.57		35.71		10.06		2.38		1.35
4	3C98		29.28		0.15		16.6		35.71		11.02		2.66		1.51
5	3C109		96.47		0.13		54.69		35.71		20.82		4.63		2.63
6	3C120		42.15		0.16		23.9		35.71		15.94		2.64		1.5
7	3C132		68.71		0.14		38.95		35.71		23.81		2.89		1.64
8	3C138		48.57		0.14		27.53		35.71		19.84		2.45		1.39
9	3C142.1		40.54		0.16		22.98		35.71		21.96		1.85		1.05
10	P0531+19	50.61		0.14		28.69		35.71		23.84		2.12		1.2
11	3C192		7.67		0.14		4.35		35.71		3.97		1.93		1.09
12	3C237		3.83		0.17		2.17		35.71		2.2		1.74		0.99
13	3C245		5.01		0.14		2.84		35.71		2.03		2.47		1.4
14	P1055+20	2.56		0.21		1.45		35.71		1.57		1.63		0.92
15	3C273		2.31		0.43		1.31		35.72		1.93		1.2		0.68
16	3C274.1		5.22		0.16		2.96		35.71		2.36		2.21		1.25
17	3C310		5.75		0.21		3.26		35.71		3.71		1.55		0.88
18	3C315		7.94		0.16		4.5		35.71		4.77		1.66		0.94
19	3C318		9.35		0.18		5.3		35.71		4.75		1.97		1.12
20	3C333		10.61		0.21		6.02		35.71		5.09		2.09		1.18
21	3C348		12.52		0.16		7.1		35.71		5.69		2.2		1.25
22	4C13.65		21.98		0.16		12.46		35.71		9.16		2.4		1.36
23	3C409		83.45		0.17		47.31		35.71		25.81		3.23		1.83
24	3C433		18.64		0.14		10.57		35.71		7.89		2.36		1.34
25	3C454.0		7.91		0.15		4.49		35.71		5.39		1.47		0.83
