NSIDE = 2048, resolution = 1.7', beam = 3.5', dbeam = offset = 4*3.5/60./2., fukui_cf  = 2.10e26, planck_cf = 8.40e-27, pl_fact_err = 3.0e-27, fk_fact_err = 0.0 #unknown
#	src		N(HI)_Fukui	error_N(HI)	N(H)_planck	error_N(H)	N(HI)_heiles   fukui/heiles	planck/heiles	freq1	freq2
			[1e20]		[%]		[1e20]		[%]		[1e20]						[Hz]	[Hz]
======================================================================================================================================================================
0	3C18		21.81		0.42		12.36		35.72		5.99		3.64		2.06
1	3C33		4.74		0.47		2.69		35.72		2.78		1.71		0.97
2	3C64		13.67		0.47		7.75		35.72		6.33		2.16		1.22
3	3C78		23.45		0.37		13.29		35.72		10.06		2.33		1.32
4	3C98		28.61		0.35		16.22		35.72		11.02		2.6		1.47
5	3C109		77.42		0.37		43.89		35.72		20.82		3.72		2.11
6	3C120		43.12		0.42		24.44		35.72		15.94		2.71		1.53
7	3C132		68.82		0.33		39.01		35.72		23.81		2.89		1.64
8	3C138		43.72		0.33		24.79		35.72		19.84		2.2		1.25
9	3C142.1		40.82		0.38		23.14		35.72		21.96		1.86		1.05
10	P0531+19	47.64		0.34		27.01		35.72		23.84		2.0		1.13
11	3C192		8.18		0.32		4.63		35.72		3.97		2.06		1.17
12	3C237		4.12		0.42		2.34		35.72		2.2		1.87		1.06
13	3C245		4.77		0.36		2.71		35.72		2.03		2.35		1.33
14	P1055+20	2.47		0.44		1.4		35.72		1.57		1.58		0.89
15	3C273		2.86		0.84		1.62		35.72		1.93		1.48		0.84
16	3C274.1		5.17		0.33		2.93		35.72		2.36		2.19		1.24
17	3C310		6.39		0.5		3.62		35.72		3.71		1.72		0.98
18	3C315		7.97		0.36		4.52		35.72		4.77		1.67		0.95
19	3C318		9.71		0.4		5.5		35.72		4.75		2.04		1.16
20	3C333		11.07		0.51		6.27		35.72		5.09		2.17		1.23
21	3C348		12.71		0.36		7.21		35.72		5.69		2.23		1.27
22	4C13.65		21.95		0.38		12.44		35.72		9.16		2.4		1.36
23	3C409		92.78		0.38		52.59		35.72		25.81		3.59		2.04
24	3C433		18.26		0.37		10.35		35.72		7.89		2.31		1.31
25	3C454.0		7.75		0.35		4.39		35.72		5.39		1.44		0.82
