NSIDE = 2048, resolution = 1.7', beam = 3.5', dbeam = offset = 3.5/60./2., fukui_cf  = 2.10e26, planck_cf = 8.40e-27, pl_fact_err = 3.0e-27, fk_fact_err = 0.0 #unknown
#	src		N(HI)_Fukui	error_N(HI)	N(H)_planck	error_N(H)	N(HI)_heiles   fukui/heiles	planck/heiles	freq1	freq2
			[1e20]		[%]		[1e20]		[%]		[1e20]						[Hz]	[Hz]
======================================================================================================================================================================
0	3C18		21.69		0.67		12.3		35.72		5.99		3.62		2.05
1	3C33		4.53		0.81		2.57		35.72		2.78		1.63		0.92
2	3C64		13.33		0.84		7.55		35.72		6.33		2.11		1.19
3	3C78		23.44		0.76		13.29		35.72		10.06		2.33		1.32
4	3C98		28.33		0.61		16.06		35.72		11.02		2.57		1.46
5	3C109		76.43		0.68		43.33		35.72		20.82		3.67		2.08
6	3C120		48.02		0.77		27.22		35.72		15.94		3.01		1.71
7	3C132		66.7		0.61		37.81		35.72		23.81		2.8		1.59
8	3C138		42.94		0.63		24.34		35.72		19.84		2.16		1.23
9	3C142.1		42.17		0.69		23.9		35.72		21.96		1.92		1.09
10	P0531+19	46.19		0.6		26.19		35.72		23.84		1.94		1.1
11	3C192		8.27		0.6		4.69		35.72		3.97		2.08		1.18
12	3C237		4.3		0.7		2.44		35.72		2.2		1.96		1.11
13	3C245		4.82		0.65		2.73		35.72		2.03		2.37		1.35
14	P1055+20	2.41		0.91		1.36		35.73		1.57		1.53		0.87
15	3C273		3.44		1.53		1.95		35.75		1.93		1.78		1.01
16	3C274.1		5.06		0.52		2.87		35.72		2.36		2.15		1.22
17	3C310		7.08		0.96		4.01		35.73		3.71		1.91		1.08
18	3C315		7.94		0.56		4.5		35.72		4.77		1.66		0.94
19	3C318		9.75		0.7		5.52		35.72		4.75		2.05		1.16
20	3C333		11.62		0.86		6.59		35.72		5.09		2.28		1.29
21	3C348		12.68		0.58		7.19		35.72		5.69		2.23		1.26
22	4C13.65		22.85		0.64		12.95		35.72		9.16		2.49		1.41
23	3C409		92.63		0.66		52.51		35.72		25.81		3.59		2.03
24	3C433		17.86		0.66		10.13		35.72		7.89		2.26		1.28
25	3C454.0		8.02		0.7		4.54		35.72		5.39		1.49		0.84
