NSIDE = 2048, resolution = 1.7', beam = 3.5', dbeam = offset = 9*3.5/60./2., fukui_cf  = 2.10e26, planck_cf = 8.40e-27, pl_fact_err = 3.0e-27, fk_fact_err = 0.0 #unknown
#	src		N(HI)_Fukui	error_N(HI)	N(H)_planck	error_N(H)	N(HI)_heiles   fukui/heiles	planck/heiles	freq1	freq2
			[1e20]		[%]		[1e20]		[%]		[1e20]						[Hz]	[Hz]
======================================================================================================================================================================
0	3C18		21.7		0.21		12.3		35.71		5.99		3.62		2.05
1	3C33		5.25		0.22		2.98		35.71		2.78		1.89		1.07
2	3C64		13.18		0.22		7.47		35.71		6.33		2.08		1.18
3	3C78		24.13		0.17		13.68		35.71		10.06		2.4		1.36
4	3C98		29.18		0.17		16.54		35.71		11.02		2.65		1.5
5	3C109		97.8		0.15		55.44		35.71		20.82		4.7		2.66
6	3C120		42.08		0.17		23.86		35.71		15.94		2.64		1.5
7	3C132		68.43		0.15		38.79		35.71		23.81		2.87		1.63
8	3C138		47.84		0.16		27.12		35.71		19.84		2.41		1.37
9	3C142.1		40.48		0.17		22.95		35.71		21.96		1.84		1.04
10	P0531+19	50.02		0.16		28.36		35.71		23.84		2.1		1.19
11	3C192		7.72		0.15		4.38		35.71		3.97		1.95		1.1
12	3C237		3.84		0.19		2.18		35.71		2.2		1.75		0.99
13	3C245		4.9		0.17		2.78		35.71		2.03		2.41		1.37
14	P1055+20	2.6		0.22		1.47		35.71		1.57		1.66		0.94
15	3C273		2.44		0.46		1.38		35.72		1.93		1.26		0.72
16	3C274.1		5.23		0.17		2.96		35.71		2.36		2.21		1.26
17	3C310		5.79		0.24		3.28		35.72		3.71		1.56		0.89
18	3C315		7.95		0.17		4.51		35.71		4.77		1.67		0.94
19	3C318		9.44		0.2		5.35		35.71		4.75		1.99		1.13
20	3C333		10.78		0.23		6.11		35.72		5.09		2.12		1.2
21	3C348		12.47		0.17		7.07		35.71		5.69		2.19		1.24
22	4C13.65		21.91		0.17		12.42		35.71		9.16		2.39		1.36
23	3C409		84.67		0.18		48.0		35.71		25.81		3.28		1.86
24	3C433		18.96		0.16		10.75		35.71		7.89		2.4		1.36
25	3C454.0		7.8		0.16		4.42		35.71		5.39		1.45		0.82
