NSIDE = 2048, resolution = 1.7', beam = 3.5', dbeam = offset = 6*3.5/60./2., fukui_cf  = 2.10e26, planck_cf = 8.40e-27, pl_fact_err = 3.0e-27, fk_fact_err = 0.0 #unknown
#	src		N(HI)_Fukui	error_N(HI)	N(H)_planck	error_N(H)	N(HI)_heiles   fukui/heiles	planck/heiles	freq1	freq2
			[1e20]		[%]		[1e20]		[%]		[1e20]						[Hz]	[Hz]
======================================================================================================================================================================
0	3C18		22.19		0.3		12.58		35.72		5.99		3.7		2.1
1	3C33		5.04		0.32		2.86		35.72		2.78		1.81		1.03
2	3C64		13.85		0.32		7.85		35.72		6.33		2.19		1.24
3	3C78		23.9		0.25		13.55		35.72		10.06		2.38		1.35
4	3C98		29.08		0.24		16.48		35.72		11.02		2.64		1.5
5	3C109		78.71		0.26		44.62		35.72		20.82		3.78		2.14
6	3C120		41.64		0.26		23.6		35.72		15.94		2.61		1.48
7	3C132		68.62		0.23		38.9		35.72		23.81		2.88		1.63
8	3C138		45.19		0.24		25.62		35.72		19.84		2.28		1.29
9	3C142.1		40.09		0.27		22.73		35.72		21.96		1.83		1.04
10	P0531+19	48.46		0.23		27.47		35.72		23.84		2.03		1.15
11	3C192		7.98		0.23		4.52		35.72		3.97		2.01		1.14
12	3C237		3.96		0.28		2.24		35.72		2.2		1.8		1.02
13	3C245		5.03		0.24		2.85		35.72		2.03		2.48		1.4
14	P1055+20	2.53		0.32		1.43		35.72		1.57		1.61		0.91
15	3C273		2.04		0.84		1.16		35.72		1.93		1.06		0.6
16	3C274.1		5.17		0.24		2.93		35.72		2.36		2.19		1.24
17	3C310		6.07		0.36		3.44		35.72		3.71		1.64		0.93
18	3C315		7.95		0.24		4.51		35.72		4.77		1.67		0.95
19	3C318		9.7		0.29		5.5		35.72		4.75		2.04		1.16
20	3C333		10.93		0.34		6.19		35.72		5.09		2.15		1.22
21	3C348		12.69		0.24		7.19		35.72		5.69		2.23		1.26
22	4C13.65		21.92		0.27		12.42		35.72		9.16		2.39		1.36
23	3C409		90.38		0.26		51.24		35.72		25.81		3.5		1.99
24	3C433		17.94		0.25		10.17		35.72		7.89		2.27		1.29
25	3C454.0		7.56		0.24		4.28		35.72		5.39		1.4		0.79
