#	src		nhi(e20) nhi_er cnm	cnm_er	wnm	wnm_er
=======================================================================
0	3C18		5.98	0.9467	5.23	0.945	0.75	0.0561
1	3C33		2.78	0.0426	1.64	0.0232	1.14	0.0357
2	3C64		6.33	0.1763	2.91	0.159	3.42	0.076
3	3C78		10.07	0.4623	5.82	0.4478	4.25	0.1151
4	3C98		11.02	0.4088	6.1	0.3974	4.92	0.0959
5	3C109		20.82	0.9971	15.52	0.7712	5.31	0.632
6	3C120		15.94	1.8714	7.9	1.4514	8.04	1.1814
7	3C132		23.81	1.2848	7.66	1.1807	16.16	0.5067
8	3C138		19.85	0.9889	10.7	0.9004	9.16	0.4088
9	3C142.1		21.96	2.3047	8.11	2.2459	13.85	0.5171
10	P0531+19	23.84	0.6471	9.54	0.6101	14.3	0.2157
11	3C192		3.97	0.0434	0.47	0.0285	3.5	0.0328
12	3C237		2.2	0.0792	1.55	0.0275	0.65	0.0743
13	3C245		2.04	0.0346	0.48	0.0262	1.55	0.0225
14	P1055+20	1.56	0.0355	0.36	0.0267	1.2	0.0234
15	3C273		1.93	0.0198	0.5	0.014	1.43	0.0141
16	3C274.1		2.35	0.0351	0.3	0.0193	2.06	0.0293
17	3C310		3.71	0.0953	1.11	0.0773	2.6	0.0557
18	3C315		4.76	0.3821	2.22	0.2061	2.54	0.3217
19	3C318		4.75	0.152	1.74	0.1441	3.01	0.0483
20	3C333		5.09	0.334	1.1	0.3239	3.99	0.0814
21	3C348		5.7	0.159	1.55	0.152	4.15	0.0467
22	4C13.65		9.18	0.136	1.46	0.1214	7.72	0.0613
23	3C409		25.79	1.1212	6.06	0.9729	19.73	0.5573
24	3C433		7.89	0.1478	2.83	0.1323	5.06	0.0658
25	3C454.0		5.37	0.1096	1.24	0.0488	4.13	0.0981
