NSIDE = 2048, resolution = 1.7', beam = 3.5', dbeam = offset = 3.5/60./2., fukui_cf  = 2.10e26, planck_cf = 8.40e-27, pl_fact_err = 3.0e-27, fk_fact_err = 0.0 #unknown
#	src		N(HI)_Fukui	error_N(HI)	N(H)_planck	error_N(H)	N(HI)_heiles	WNM_heiles	CNM_heiles	fukui/heiles	planck/heiles
			[1e20]		[%]		[1e20]		[%]		[1e20]		[1e20]		[1e20]		
======================================================================================================================================================================
0	3C18		22.24		1.06		12.61		35.73		5.98		0.75		5.23		3.72		2.11
1	3C33		4.57		1.11		2.59		35.73		2.78		1.14		1.64		1.64		0.93
2	3C64		13.21		1.29		7.49		35.74		6.33		3.42		2.91		2.09		1.18
3	3C78		24.36		1.15		13.81		35.73		10.07		4.25		5.82		2.42		1.37
4	3C98		27.74		0.98		15.73		35.73		11.02		4.92		6.1		2.52		1.43
5	3C109		75.17		1.13		42.61		35.73		20.82		5.31		15.52		3.61		2.05
6	3C120		53.64		1.3		30.41		35.74		15.94		8.04		7.9		3.37		1.91
7	3C132		65.78		0.89		37.29		35.73		23.81		16.16		7.66		2.76		1.57
8	3C138		44.35		1.13		25.14		35.73		19.85		9.16		10.7		2.23		1.27
9	3C142.1		43.72		1.08		24.78		35.73		21.96		13.85		8.11		1.99		1.13
10	P0531+19	44.92		0.89		25.46		35.73		23.84		14.3		9.54		1.88		1.07
11	3C192		8.42		0.86		4.77		35.72		3.97		3.5		0.47		2.12		1.2
12	3C237		4.4		1.07		2.49		35.73		2.2		0.65		1.55		2.0		1.13
13	3C245		4.89		0.79		2.77		35.72		2.04		1.55		0.48		2.4		1.36
14	P1055+20	2.42		1.56		1.37		35.75		1.56		1.2		0.36		1.55		0.88
15	3C273		2.74		2.03		1.55		35.77		1.93		1.43		0.5		1.42		0.8
16	3C274.1		5.04		0.91		2.86		35.73		2.35		2.06		0.3		2.15		1.22
17	3C310		7.29		1.52		4.13		35.75		3.71		2.6		1.11		1.96		1.11
18	3C315		7.97		0.81		4.52		35.72		4.76		2.54		2.22		1.67		0.95
19	3C318		9.63		1.16		5.46		35.73		4.75		3.01		1.74		2.03		1.15
20	3C333		11.81		1.31		6.69		35.74		5.09		3.99		1.1		2.32		1.32
21	3C348		12.46		0.98		7.06		35.73		5.7		4.15		1.55		2.19		1.24
22	4C13.65		23.47		1.14		13.31		35.73		9.18		7.72		1.46		2.56		1.45
23	3C409		93.26		1.23		52.87		35.74		25.79		19.73		6.06		3.62		2.05
24	3C433		17.33		1.14		9.83		35.73		7.89		5.06		2.83		2.2		1.25
25	3C454.0		8.2		1.17		4.65		35.73		5.37		4.13		1.24		1.53		0.87
