#	src		tau		Center		wid(FWHM)	tau (again)	Tex		N(OH)1667
==========================================================================================================================
2	3C105		0.026482069	8.1662630241	0.9370086136	0.026482069	4.4020828207	0.2579463549
2	3C105		0.0104161946	10.2524670841	0.9583166969	0.0104161946	9.2096958174	0.21708965
3	3C109		0.0035636863	9.2368440695	0.7497465907	0.0035636863	17.2247101718	0.1086779854
3	3C109		0.0053069445	10.548069105	1.0229204176	0.0053069445	8.7182010918	0.111760663
6	3C123		0.0347628195	3.7129201158	1.2247628932	0.0347628195	11.8881205301	1.1952421595
6	3C123		0.0918846266	4.4570346243	0.5297308717	0.0918846266	8.7834219685	1.00957265
6	3C123		0.0783611347	5.4714130649	0.9186624495	0.0783611347	9.8981311337	1.6826181725
7	3C131		0.0116968098	4.6353624517	0.7774796867	0.0116968098	9.705494569	0.2084250152
7	3C131		0.0088506208	5.840531235	0.6733800083	0.0088506208	15.0241421884	0.2114459285
7	3C131		0.0318626732	6.5483088799	0.4532563231	0.0318626732	6.5164623979	0.2222356178
7	3C131		0.0926636241	7.2241688788	0.6483210619	0.0926636241	6.1411428252	0.8712129074
8	3C132		0.0055647689	7.7947670156	0.7926678636	0.0055647689	24.4337361124	0.254509475
9	3C133		0.2132053029	7.6770796858	0.5171014218	0.2132053029	3.078739941	0.8015348891
9	3C133		0.0332710382	7.9559841257	1.2286405445	0.0332710382	4.1901696083	0.4044813386
14	3C154		0.0429083366	-2.3422485489	0.7117475926	0.0429083366	2.6109900634	0.1882992523
14	3C154		0.0180560927	-1.3408067696	0.9368848674	0.0180560927	5.0934542693	0.2034689303
14	3C154		0.005375385	2.193485524	1.570403126	0.005375385	2.8872717359	0.0575551346
16	3C167		0.0089904974	17.7713077473	1.7607695094	0.0089904974	8.3860913632	0.3134884247
18	3C18		0.0060474239	-8.3385171404	2.6136499194	0.0060474239	9.4193363393	0.3515716327
18	3C18		0.0078518141	-7.8531819137	0.5996665364	0.0078518141	4.9618146056	0.0551691187
22	3C207		0.0266106289	4.5466945558	0.7728225356	0.0266106289	1.7503815466	0.0850047772
52	3C409		0.0055133202	14.6811978815	1.5222363272	0.0055133202	13.8494710308	0.2744758726
52	3C409		0.0275397613	15.4160068306	0.855395085	0.0275397613	2.232478933	0.1241909595
53	3C410		0.0248352699	6.2862340188	1.1606548588	0.0248352699	3.7539188603	0.2555245015
53	3C410		0.008119064	10.7231689496	0.7768771788	0.008119064	3.7267792066	0.0555095471
53	3C410		0.0111034236	11.6713321416	0.7915842972	0.0111034236	2.4122058132	0.0500661425
54	3C454.3		0.0013950547	-10.5491453045	1.1826118518	0.0013950547	6.7861868747	0.0264383872
54	3C454.3		0.0047393556	-9.4327591973	0.9698780531	0.0047393556	9.4395675794	0.1024623282
59	3C75		0.0140260754	-10.3600970377	1.2226069952	0.0140260754	1.5634221161	0.0633103896
69	4C13.67		0.0566900396	4.8904503874	1.1173521035	0.0566900396	10.5506498528	1.5781624743
74	4C22.12		0.0101643729	-2.730299831	0.7787375913	0.0101643729	5.660734817	0.1058084206
74	4C22.12		0.035426542	-1.7821798487	0.5394403241	0.035426542	3.4126462769	0.1540065305
79	G196.6+0.2	0.0066247437	3.4435324252	2.5774077491	0.0066247437	5.4636294054	0.2202972793
79	G196.6+0.2	0.0027792142	10.930948791	1.5668619688	0.0027792142	10.7040423571	0.1100718526
80	G197.0+1.1	0.0191597637	4.7298328899	1.6569109191	0.0191597637	4.3650457615	0.3272305192
80	G197.0+1.1	0.0078207171	7.3351366859	0.6632748759	0.0078207171	0.1865953147	0.0022856859
80	G197.0+1.1	0.0131859046	17.0671610449	2.1132624581	0.0131859046	5.4447958813	0.3582784279
80	G197.0+1.1	0.0430064575	32.0115287311	0.5445305917	0.0430064575	3.6553305476	0.2021428109
87	P0428+20	0.0029210582	3.5429067666	0.6937608785	0.0029210582	5.9525558527	0.0284858501
87	P0428+20	0.0039806448	9.9797934662	0.5967735457	0.0039806448	10.7682894547	0.0604067397
87	P0428+20	0.0142519207	10.7822319964	0.8854212935	0.0142519207	12.630784333	0.3763824555
94	T0526+24	0.0430213777	7.5558502523	2.4338735693	0.0430213777	9.3814687338	2.3196841501
96	T0629+10	0.0187006281	1.0195946988	1.5163072632	0.0187006281	2.564665568	0.1717314518
96	T0629+10	0.0754698531	4.2016323201	3.1901473219	0.0754698531	6.6554867755	3.7839009512
96	T0629+10	0.2161593241	3.5533033693	0.6087865622	0.2161593241	4.4791057444	1.3918935997
96	T0629+10	0.1009050369	4.6400133679	0.3625960224	0.1009050369	5.6720772602	0.4900650261
96	T0629+10	0.1004761495	6.0979106996	0.6396569157	0.1004761495	5.4677285301	0.8298368526
96	T0629+10	0.0739636605	6.9289608319	0.6411623705	0.0739636605	4.2869750308	0.480079396
96	T0629+10	0.0294126302	7.9551717831	0.7078468835	0.0294126302	3.3964226663	0.1669823654
