#	src		tau		Center		wid(FWHM)	Tex		Tex_err		N(OH)1667[e14]	NOH_err
====================================================================================================================================
2	3C105		0.0264820685	8.166263025	0.9370085762	3.7657548139	0.5072699094	0.1676069364	0.0225779643
2	3C105		0.0104161939	10.2524670741	0.9583165311	6.0914086907	1.7339785189	0.1169584637	0.0332939297
3	3C109		0.0035636852	9.2368443078	0.749747411	8.2339223193	3.6954188259	0.0461911248	0.020732371
3	3C109		0.0053069439	10.5480692325	1.0229197292	4.4983940993	2.447669078	0.0486404987	0.0264668096
6	3C123		0.0347628188	3.7129200177	1.2247626835	11.3906909567	1.4121106311	1.2782419663	0.158475038
6	3C123		0.0918846339	4.4570346192	0.5297308937	9.5281721444	0.3066613633	1.0626124003	0.0342151794
6	3C123		0.0783611356	5.4714130606	0.9186624475	10.1549304715	1.3368412969	1.3853462517	0.1823790012
7	3C131		0.0116968109	4.635362472	0.7774797592	5.8587045315	0.9165932109	0.1217481546	0.0190486466
7	3C131		0.0088506226	5.8405311722	0.6733796715	7.9730588026	1.0232452097	0.1224041134	0.0157112717
7	3C131		0.0318626749	6.5483088681	0.4532563704	4.9025304645	0.4283329532	0.1617905754	0.0141361576
7	3C131		0.0926636242	7.2241688826	0.6483210576	4.7909975514	0.1733289953	0.5539918382	0.02004297
8	3C132		0.0055647684	7.7947670126	0.7926680398	12.6970261647	0.9527174906	0.1081423225	0.008121312
9	3C133		0.2132053017	7.6770796855	0.517101419	3.2492934656	0.1384054433	0.7081091363	0.0301623768
9	3C133		0.0332710395	7.9559841136	1.2286405342	3.8024811875	0.5754755918	1.1696455721	0.1770166935
14	3C154		0.0429083356	-2.3422485605	0.7117475794	2.965294301	0.3672796465	0.1840923202	0.0228019128
14	3C154		0.0180560918	-1.3408067769	0.9368850286	4.031958085	0.8990571533	0.1496006115	0.0333589109
14	3C154		0.0053753873	2.193485515	1.5704015565	2.5656499139	4.2784995682	0.0527135989	0.0879057846
16	3C167		0.0089905028	17.7713072164	1.760745333	4.9844324325	2.0034711731	0.1393926801	0.0560377
18	3C18		0.0060474239	-8.3385170821	2.6136488602	6.2958508773	3.0534447611	0.237482935	0.1151780286
18	3C18		0.0078518138	-7.8531818888	0.5996663806	4.0089984366	0.7997962851	0.0573220877	0.0114361366
22	3C207		0.0266106285	4.5466945558	0.7728225338	2.4520023554	0.2301531272	0.0916292911	0.0086007322
52	3C409		0.0055133385	14.6812013791	1.5222395279	8.6887887961	7.6952191656	0.4097996643	0.3629388788
52	3C409		0.0275397287	15.4160069444	0.8553946039	3.0514892396	0.4939638188	0.1448324465	0.0234450604
53	3C410		0.02483527	6.2862340167	1.160654778	3.9256540016	0.7292971976	0.2155707884	0.0400482476
53	3C410		0.0081190634	10.7231688928	0.7768770993	3.9596080081	1.5396705953	0.0607775194	0.0236331071
53	3C410		0.0111034238	11.6713320924	0.7915842806	3.273153158	1.5578778715	0.0594449115	0.0282932437
54	3C454.3		0.0013950566	-10.5491428319	1.1826131506	4.4551294364	3.7974800191	0.017459106	0.0148819686
54	3C454.3		0.004739354	-9.4327586917	0.9698771001	6.5265019605	2.6188140298	0.0564659805	0.0226575873
59	3C75		0.0140260752	-10.3600970308	1.2226070673	2.3953597387	0.8978004609	0.0737233203	0.0276323331
69	4C13.67		0.0566900395	4.890450388	1.1173520771	6.9430624975	1.0543671006	0.8885454532	0.1349932149
74	4C22.12		0.0101643724	-2.7302996923	0.778738279	4.2829682921	1.1522187161	0.065978231	0.0177526369
74	4C22.12		0.0354265431	-1.7821798077	0.5394402525	3.4192322772	0.3886564849	0.1111360503	0.0126342665
79	G196.6+0.2	0.006624745	3.4435325975	2.5774060358	5.117768172	3.043778414	0.1390820096	0.0827203651
79	G196.6+0.2	0.0027792114	10.9309479239	1.5668630109	6.3195435257	4.0649641454	0.0171746853	0.0110503118
80	G197.0+1.1	0.0191597658	4.7298331016	1.6569106649	4.0471706204	1.1078716639	0.2610541676	0.0714615777
80	G197.0+1.1	0.0078207266	7.3351368863	0.6632739104	2.2152962361	2.9477249921	0.0241686174	0.0321594865
80	G197.0+1.1	0.0131859041	17.0671610542	2.1132623603	4.2994180232	1.9173156586	0.2525412649	0.1126207895
80	G197.0+1.1	0.0430064581	32.0115287336	0.5445305969	3.6403257014	0.5239090379	0.1600899884	0.0230403915
87	P0428+20	0.0029210556	3.5429067616	0.693760795	3.7006247512	5.0515601147	0.014039412	0.0191647254
87	P0428+20	0.0039806433	9.9797930438	0.5967721636	6.8060564559	1.4831894684	0.0444879301	0.0096956555
87	P0428+20	0.0142519222	10.7822317975	0.8854215461	7.9531845537	0.781184524	0.1862938657	0.0182992056
94	T0526+24	0.0430212071	7.5558495679	2.4338573861	7.2326627965	0.9675899642	0.7434795241	0.0995898386
96	T0629+10	0.007		0.35		1.0		3.2282842295	0.9424036656	0.0875678052	0.0255632261
96	T0629+10	0.03		1.43		1.5		3.284646286	0.5298394629	0.2608770908	0.0420818665
96	T0629+10	0.267		3.5827		0.751		4.1067981218	0.3068122551	1.5621146233	0.1167031524
96	T0629+10	0.16		4.626		0.7289		5.0561990515	0.5069264871	0.9824739914	0.0985014318
96	T0629+10	0.11		6.07		0.76		4.7349490722	0.5407572653	0.9019298651	0.1030055093
96	T0629+10	0.08		6.87		0.48588		3.9719254559	0.2445244241	0.3348994736	0.0206177909
96	T0629+10	0.03		7.9043		0.7586		3.7062482255	0.4125006962	0.1620236196	0.0180335054
