#       src             Amp            v0_cntr	width	tex1	tex1_err   tex2	   tex2_er   tbg (K)
                        ()             (km/s)           OH1665             OH1667            Background
====================================================================================================
2 	3C105		-0.008		10.2    0.5	10.75   1.21       8.97    0.62	     3.33
3 	3C109 		-0.055		10.5	0.6	14.38	2.05	   11.39   1.74	     3.43
6 	3C123 		-0.04		5.47	0.7	11.34	1.17       9.43	   0.69      3.73
7 	3C131 		-0.012		5.76	0.1	10.47	1.01	   11.95   0.75	     3.59
8 	3C132 		-0.07		7.7	0.5	11.96	1.94	   19.45   1.25	     3.44
9 	3C133  		-0.01		8.8	0.7	12.60	0.94	   7.99	   0.66	     3.55
14 	3C154 		-0.07		2.23	0.4	6.06	3.18	   1.05	   1.85	     3.60
16 	3C167 		-0.02		18.0	0.6	8.72	1.75	   3.99	   0.45	     3.68
18 	3C18 		-0.014		-7.8	0.5	1.96	1.84	   3.29	   0.59	     3.36
22 	3C207 		-0.025		4.5	0.5	3.11	0.37	   2.81	   0.23	     3.18
52 	3C409 		-0.03		15.4	0.9	0.44	0.72	   0.00	   0.70	     4.31
53 	3C410 		-0.006		11.7	0.3	5.53	2.51	   1.80	   6.10	     4.29
54 	3C454.3 	-0.003		-9.65	0.4	6.33	2.16	   6.83	   1.18	     3.47
59 	3C75 		-0.015		-10.3	0.5	3.53	0.96	   3.50	   0.51	     3.43
69 	4C13.67		-0.06		4.8	0.4	10.55	1.12	   9.30	   0.78	     4.24
74 	4C22.12 	-0.02		-1.8	0.2	4.54	1.03	   4.37	   0.37	     3.65
79 	G196.6+0.2  	-0.002		10.7	0.5	35.15	5.71	   5.55    1.53	     3.71
80 	G197.0+1.1	-0.05		32.0	0.3	3.28	0.60	   3.81	   0.33	     3.68
87 	P0428+20	-0.014		10.8	0.3	13.30	0.80	   13.11   0.45	     3.45
94 	T0526+24   	-0.06		7.2	1.0	11.87	1.95	   9.90   0.76	     3.63
96 	T0629+10	-0.03		8.01	0.25	0.00	1.02	   1.84   0.38	     3.55