0 -65.0 40.0 3C18
1 -40.0 20.0 3C33-1
2 -70.0 55.0 3C33
3 -27.0 23.0 3C33-2
4 -35.0 24.0 3C64
5 -33.0 25.0 3C75-1
6 -60.0 34.0 3C75
7 -40.0 25.0 3C75-2
8 -60.0 40.0 3C78
9 -30.0 25.0 3C79
10 -30.0 25.0 CTA21
11 -38.0 27.0 P0320+05
12 -63.0 30.0 NRAO140
13 -65.0 30.0 3C93.1
14 -30.0 28.0 P0347+05
15 -40.0 40.0 3C98-1
16 -30.0 35.0 3C98
17 -30.0 40.0 3C98-2
18 -30.0 33.0 3C105
19 -40.0 34.0 3C109
20 -50.0 35.0 P0428+20
21 -55.0 35.0 3C120
22 -90.0 35.0 3C123
23 -80.0 40.0 3C131
24 -80.0 45.0 3C132
25 -80.0 40.0 3C133
26 -70.0 40.0 3C138
27 -63.0 38.0 3C141.0
28 -50.0 40.0 T0526+24
29 -30.0 47.0 3C142.1
30 -48.0 42.0 P0531+19
31 -38.0 45.0 T0556+19
32 -50.0 46.0 4C22.12
33 -60.0 47.0 3C154
34 -78.0 60.0 T0629+10
35 -50.0 85.0 3C167
36 -80.0 50.0 3C172.0
37 -40.0 50.0 DW0742+10
38 -40.0 60.0 3C190.0
39 -80.0 54.0 3C192
40 -65.0 65.0 P0820+22
41 -40.0 50.0 3C207
42 -50.0 55.0 3C208.0
43 -50.0 55.0 3C208.1
45 -85.0 50.0 3C225a
46 -70.0 50.0 3C225b
47 -50.0 45.0 3C228.0
48 -100.0 50.0 3C234
49 -80.0 52.0 3C236
50 -80.0 80.0 3C237
51 -65.0 40.0 3C245
52 -80.0 55.0 P1055+20
53 -78.0 20.0 P1117+14
54 -90.0 26.0 3C263.1
55 -80.0 20.0 3C264.0
56 -77.0 34.0 3C267.0
57 -75.0 27.0 3C272.1
58 -73.0 100.0 3C273
59 -67.0 50.0 3C274.1
60 -50.0 20.0 4C07.32
61 -60.0 40.0 4C32.44
62 -75.0 72.0 3C286
63 -72.0 50.0 3C293
64 -50.0 25.0 4C19.44
65 -80.0 30.0 4C20.33
66 -80.0 40.0 3C310
67 -45.0 42.0 3C315
68 -85.0 35.0 3C318
69 -80.0 40.0 3C333
70 -40.0 65.0 3C348
71 -75.0 65.0 3C353
72 -60.0 70.0 4C13.65
73 -107.0 85.0 4C13.67
74 -100.0 55.0 3C409
75 -105.0 50.0 3C410
76 -80.0 60.0 3C433
77 -80.0 55.0 3C454.0
78 -80.0 55.0 3C454.3
