NSIDE = 2048, resolution = 1.7', beam = 3.5', dbeam = offset = 30*3.5/60./2., fukui_cf  = 2.10e26, planck_cf = 8.40e-27, pl_fact_err = 3.0e-27, fk_fact_err = 0.0 #unknown
#	src		N(HI)_Fukui	error_N(HI)	N(H)_planck	error_N(H)	N(HI)_heiles   fukui/heiles	planck/heiles	freq1	freq2
			[1e20]		[%]		[1e20]		[%]		[1e20]						[Hz]	[Hz]
======================================================================================================================================================================
0	3C18		19.41		0.05		11.0		35.71		5.99		3.24		1.84
1	3C33		8.16		0.06		4.63		35.71		2.78		2.94		1.66
2	3C64		12.8		0.06		7.26		35.71		6.33		2.02		1.15
3	3C78		27.49		0.04		15.59		35.71		10.06		2.73		1.55
4	3C98		31.5		0.05		17.86		35.71		11.02		2.86		1.62
5	3C109		86.78		0.05		49.19		35.71		20.82		4.17		2.36
6	3C120		34.15		0.06		19.36		35.71		15.94		2.14		1.21
7	3C132		68.84		0.05		39.02		35.71		23.81		2.89		1.64
8	3C138		41.09		0.06		23.29		35.71		19.84		2.07		1.17
9	3C142.1		47.08		0.07		26.69		35.71		21.96		2.14		1.22
10	P0531+19	59.58		0.05		33.78		35.71		23.84		2.5		1.42
11	3C192		5.18		0.06		2.94		35.71		3.97		1.31		0.74
12	3C237		3.57		0.06		2.03		35.71		2.2		1.62		0.92
13	3C245		4.36		0.06		2.47		35.71		2.03		2.15		1.22
14	P1055+20	1.81		0.1		1.02		35.71		1.57		1.15		0.65
15	3C273		2.83		0.11		1.61		35.71		1.93		1.47		0.83
16	3C274.1		3.05		0.1		1.73		35.71		2.36		1.29		0.73
17	3C310		5.32		0.07		3.02		35.71		3.71		1.44		0.81
18	3C315		6.64		0.06		3.76		35.71		4.77		1.39		0.79
19	3C318		8.15		0.07		4.62		35.71		4.75		1.72		0.97
20	3C333		7.79		0.08		4.42		35.71		5.09		1.53		0.87
21	3C348		13.38		0.06		7.59		35.71		5.69		2.35		1.33
22	4C13.65		19.54		0.06		11.08		35.71		9.16		2.13		1.21
23	3C409		64.77		0.06		36.72		35.71		25.81		2.51		1.42
24	3C433		18.11		0.05		10.27		35.71		7.89		2.3		1.3
25	3C454.0		9.36		0.06		5.31		35.71		5.39		1.74		0.98
