#      ng1   ng2         src1        l             b           zro1   tau1           cen1        wid1           tx1       er1            tx2         er2
============================================================================================================================================================
       0        2       2 3C105      187.633     -33.6090       0    0.0158120      8.13840     0.965816      4.17341     0.249290      3.68853     0.172211
       1        2       2 3C105      187.633     -33.6090       0   0.00624688      10.2305      1.02970      5.95356     0.631158      5.52763     0.439315

       2        2       2 3C109      181.828     -27.7769       0   0.00219404      9.16221     0.997289      13.6053      1.83045      13.8313      1.25063
       3        2       2 3C109      181.828     -27.7769       0   0.00352055      10.4406     0.954352      9.14547      1.16686      8.72299     0.787675

       4        3       3 3C123      170.581     -11.6607       0    0.0191465      3.64944      1.18983      18.0419     0.894994      18.0986     0.628060
       5        3       3 3C123      170.581     -11.6607       0    0.0430802      4.43242     0.526628      15.7113     0.610703      16.1537     0.374728
       6        3       3 3C123      170.581     -11.6607       0    0.0337756      5.36520     0.916915      18.3091     0.555242      16.5638     0.306100

       7        4       4 3C131      171.437     -7.79669       0   0.00649567      4.54881     0.562468      8.18882     0.764777      5.60985     0.521682
       8        4       4 3C131      171.437     -7.79669       0   0.00739680      6.80372      2.96908      7.08596     0.431070      7.39497     0.296719
       9        4       4 3C131      171.437     -7.79669       0    0.0166821      6.59488     0.417935      3.18437     0.420523      3.93055     0.291528
      10        4       4 3C131      171.437     -7.79669       0    0.0521163      7.22777     0.551638      4.36635     0.123649      4.56967    0.0799797

      11        1       1 3C132      178.860     -12.5219       0   0.00325712      7.82447     0.890025      9.62780      1.03947      13.3186     0.634578

      12        2       2 3C133      177.726     -9.91241       0     0.100867      7.66386     0.527870      3.32021     0.110069      2.49699     0.618873
      13        2       2 3C133      177.726     -9.91241       0    0.0148290      7.93701      1.22933      4.78308      1.70685      4.88799      1.11071

      14        3       3 3C154      185.593      4.00309       0    0.0265674     -2.32469     0.743274      3.16551     0.285472      3.20678     0.176616
      15        3       3 3C154      185.593      4.00309       0   0.00996968     -1.38686     0.830314      4.93522     0.715895      4.21291     0.369014
      16        3       3 3C154      185.593      4.00309       0   0.00375136      2.22769      1.12472      5.17022      1.61244      2.91271     0.994548

      17        1       1 3C167      207.312      1.15292       0    0.0108681      18.5301      1.26933      4.34200      1.11703      4.23237     0.747181

      18        2       2 3C18      118.622     -52.7265       0   0.00296770     -8.52772      2.50096      7.18852     0.994808      6.83254     0.428495
      19        2       2 3C18      118.622     -52.7265       0   0.00559787     -7.81862     0.676583      2.74523      1.01746      1.00000      0.00000

      20        1       1 3C207      212.968      30.1390       0    0.0152021      4.54723     0.773036      3.20432     0.208506      2.90569     0.102334

      21        2       2 3C409      63.3983     -6.12197       0   0.00615087      14.6298      1.85992      7.95694     0.951020    0.0303189      25.2620
      22        2       2 3C409      63.3983     -6.12197       0    0.0199191      15.3968     0.892821      2.35318     0.427871     0.200000      0.00000

      23        3       3 3C410      69.2088     -3.76807       0    0.0120793      6.24822      1.03394      6.95899     0.484887      4.41418     0.212838
      24        3       3 3C410      69.2088     -3.76807       0   0.00431505      10.7030     0.698200      7.88882      1.65738      4.46929     0.777362
      25        3       3 3C410      69.2088     -3.76807       0   0.00534158      11.6684     0.840971      5.13025      1.22064      3.71770     0.570627

      26        1       1 3C454.3      86.1108     -38.1831       0   0.00230923     -9.67108      1.63481      4.09248      1.07103      5.90861     0.610933

      27        1       1 3C75      170.256     -44.9112       0   0.00715191     -10.3598      1.32500      3.58434     0.545759      3.71543     0.301801

      28        1       1 4C13.67      43.4969      9.15431       0    0.0474083      4.88014      1.29719      7.43941     0.448295      7.41192     0.309420

      29        2       2 4C22.12      188.052    0.0470513       0   0.00585788     -2.83887     0.790811      5.34373      1.17556      5.26237     0.639574
      30        2       2 4C22.12      188.052    0.0470513       0    0.0172332     -1.78007     0.560079      4.22146     0.477075      3.78561     0.227902

      31        1       1 G196.6+0.2      196.640     0.167617       0   0.00433149      3.21833      1.66519      7.39821      1.17074      6.35149     0.621072

      32        5       5 G197.0+1.1      196.983      1.10338       0    0.0123512      4.83011      1.84169      4.50905     0.324609      4.66152     0.253332
      33        5       5 G197.0+1.1      196.983      1.10338       0   0.00569820      7.45716     0.611071      1.00000      0.00000      1.00000      0.00000
      34        5       5 G197.0+1.1      196.983      1.10338       0   0.00527818      16.4093      1.16839      6.28628     0.955518      5.44356     0.670172
      35        5       5 G197.0+1.1      196.983      1.10338       0   0.00687909      17.6451     0.709986      4.58225     0.941452      5.48178     0.449307
      36        5       5 G197.0+1.1      196.983      1.10338       0    0.0236505      32.0095     0.555788      3.61228     0.310011      4.08317     0.194312

      37        2       2 P0428+20      176.808     -18.5568       0   0.00148528      3.59822      1.06074      8.42407      2.04732      4.05431      1.28046
      38        2       2 P0428+20      176.808     -18.5568       0   0.00758102      10.7017      1.10375      8.41964     0.394200      7.62892     0.227065

      39        1       1 T0526+24      181.355     -5.19333       0    0.0157538      7.58273      1.65534      8.66058      1.38937      6.97857     0.599863

      40        8       8 T0629+10      201.532     0.507878       0   0.00397600     0.155454     0.630599      3.87684      1.14569      4.02991      1.04899
      41        8       8 T0629+10      201.532     0.507878       0    0.0384279      3.13396      1.00637      2.10813     0.328003      4.76118      1.48812
      42        8       8 T0629+10      201.532     0.507878       0    0.0167906      1.46804      1.43008      2.56956     0.231661     0.500000      0.00000
      43        8       8 T0629+10      201.532     0.507878       0     0.160293      3.61250     0.609592      2.98251    0.0647214      3.44169     0.117640
      44        8       8 T0629+10      201.532     0.507878       0    0.0813624      4.61572     0.784199      2.42679     0.143808      3.08369     0.248039
      45        8       8 T0629+10      201.532     0.507878       0    0.0750561      6.08951      1.04348      3.69899    0.0978000      3.23154     0.237717
      46        8       8 T0629+10      201.532     0.507878       0    0.0372524      6.99305     0.492301      3.97260     0.146250      2.67129     0.297417
      47        8       8 T0629+10      201.532     0.507878       0    0.0174059      7.90485     0.826374      3.60246     0.228606      2.23428     0.692129

