#         ng1   ng2  src1        zro1   tau1           cen1        wid1           tx1                                                                                        tx2
===================================================================================================================================================================================
0         2       2 3C105          0    0.0158120      8.13840     0.965816      4.17341 3C105      187.633     -33.6090       0    0.0268419      8.16584     0.957545      3.68853
1         2       2 3C105          0   0.00624688      10.2305      1.02970      5.95356 3C105      187.633     -33.6090       0    0.0107031      10.2572      1.02677      5.52763
2         2       2 3C109          0   0.00219404      9.16221     0.997289      13.6053 3C109      181.828     -27.7769       0   0.00358575      9.21940      1.02264      13.8313
3         2       2 3C109          0   0.00352055      10.4406     0.954352      9.14547 3C109      181.828     -27.7769       0   0.00565129      10.5834      1.03987      8.72299
4         3       3 3C123          0    0.0191465      3.64944      1.18983      18.0419 3C123      170.581     -11.6607       0    0.0347368      3.71239      1.22346      18.0986
5         3       3 3C123          0    0.0430802      4.43242     0.526628      15.7113 3C123      170.581     -11.6607       0    0.0919201      4.45700     0.529984      16.1537
6         3       3 3C123          0    0.0337756      5.36520     0.916915      18.3091 3C123      170.581     -11.6607       0    0.0783549      5.47139     0.918290      16.5638
7         4       4 3C131          0   0.00649567      4.54881     0.562468      8.18882 3C131      171.437     -7.79669       0    0.0102917      4.55610     0.621660      5.60985
8         4       4 3C131          0   0.00739680      6.80372      2.96908      7.08596 3C131      171.437     -7.79669       0    0.0110533      6.67793      3.31842      7.39497
9         4       4 3C131          0    0.0166821      6.59488     0.417935      3.18437 3C131      171.437     -7.79669       0    0.0259313      6.58192     0.433327      3.93055
10        4       4 3C131          0    0.0521163      7.22777     0.551638      4.36635 3C131      171.437     -7.79669       0    0.0858444      7.22646     0.585843      4.56967
11        1       1 3C132          0   0.00325712      7.82447     0.890025      9.62780 3C132      178.860     -12.5219       0   0.00561100      7.79449     0.814640      13.3186
12        2       2 3C133          0     0.100867      7.66386     0.527870      3.32021 3C133      177.726     -9.91241       0     0.213229      7.67715     0.517122      2.49699
13        2       2 3C133          0    0.0148290      7.93701      1.22933      4.78308 3C133      177.726     -9.91241       0    0.0332783      7.95593      1.23264      4.88799
14        3       3 3C154          0    0.0265674     -2.32469     0.743274      3.16551 3C154      185.593      4.00309       0    0.0427861     -2.34006     0.709133      3.20678
15        3       3 3C154          0   0.00996968     -1.38686     0.830314      4.93522 3C154      185.593      4.00309       0    0.0178760     -1.34161     0.914846      4.21291
16        3       3 3C154          0   0.00375136      2.22769      1.12472      5.17022 3C154      185.593      4.00309       0   0.00542093      2.18375      1.33067      2.91271
17        1       1 3C167          0    0.0108681      18.5301      1.26933      4.34200 3C167      207.312      1.15292       0    0.0108402      17.6592      2.71500      4.23237
18        2       2 3C18           0   0.00296770     -8.52772      2.50096      7.18852 3C18      118.622     -52.7265       0   0.00595191     -8.33460      2.50142      6.83254
19        2       2 3C18           0   0.00559787     -7.81862     0.676583      2.74523 3C18      118.622     -52.7265       0   0.00780152     -7.85078     0.596165      1.00000
20        1       1 3C207          0    0.0152021      4.54723     0.773036      3.20432 3C207      212.968      30.1390       0    0.0267883      4.54682     0.781284      2.90569
21        2       2 3C409          0   0.00615087      14.6298      1.85992      7.95694 3C409      63.3983     -6.12197       0   0.00566192      14.6976      1.67578    0.0303189
22        2       2 3C409          0    0.0199191      15.3968     0.892821      2.35318 3C409      63.3983     -6.12197       0    0.0272541      15.4140     0.859048     0.200000
23        3       3 3C410          0    0.0120793      6.24822      1.03394      6.95899 3C410      69.2088     -3.76807       0    0.0249786      6.28667      1.18968      4.41418
24        3       3 3C410          0   0.00431505      10.7030     0.698200      7.88882 3C410      69.2088     -3.76807       0   0.00837027      10.7170     0.798995      4.46929
25        3       3 3C410          0   0.00534158      11.6684     0.840971      5.13025 3C410      69.2088     -3.76807       0    0.0113566      11.6759     0.808255      3.71770
26        1       1 3C454.3        0   0.00230923     -9.67108      1.63481      4.09248 3C454.3      86.1108     -38.1831       0   0.00443793     -9.55274      1.36681      5.90861
27        1       1 3C75           0   0.00715191     -10.3598      1.32500      3.58434 3C75      170.256     -44.9112       0    0.0141605     -10.3616      1.25411      3.71543
28        1       1 4C13.67        0    0.0474083      4.88014      1.29719      7.43941 4C13.67      43.4969      9.15431       0    0.0569575      4.94511      1.46260      7.41192
29        2       2 4C22.12        0   0.00585788     -2.83887     0.790811      5.34373 4C22.12      188.052    0.0470513       0    0.0103160     -2.73318     0.800919      5.26237
30        2       2 4C22.12        0    0.0172332     -1.78007     0.560079      4.22146 4C22.12      188.052    0.0470513       0    0.0355612     -1.78107     0.542244      3.78561
31        1       1 G196.6+0.2     0   0.00433149      3.21833      1.66519      7.39821 G196.6+0.2      196.640     0.167617       0   0.00650050      3.42833      2.49883      6.35149
32        5       5 G197.0+1.1     0    0.0123512      4.83011      1.84169      4.50905 G197.0+1.1      196.983      1.10338       0    0.0187646      4.72158      1.59190      4.66152
33        5       5 G197.0+1.1     0   0.00569820      7.45716     0.611071      1.00000 G197.0+1.1      196.983      1.10338       0   0.00748269      7.34133     0.595153      1.00000
34        5       5 G197.0+1.1     0   0.00527818      16.4093      1.16839      6.28628 G197.0+1.1      196.983      1.10338       0   0.00943454      16.3411     0.945695      5.44356
35        5       5 G197.0+1.1     0   0.00687909      17.6451     0.709986      4.58225 G197.0+1.1      196.983      1.10338       0    0.0124232      17.4477      1.21850      5.48178
36        5       5 G197.0+1.1     0    0.0236505      32.0095     0.555788      3.61228 G197.0+1.1      196.983      1.10338       0    0.0427951      32.0106     0.530467      4.08317
37        2       2 P0428+20       0   0.00148528      3.59822      1.06074      8.42407 P0428+20      176.808     -18.5568       0   0.00294065      3.55129     0.745833      4.05431
38        2       2 P0428+20       0   0.00758102      10.7017      1.10375      8.41964 P0428+20      176.808     -18.5568       0    0.0136500      10.7018      1.11042      7.62892
39        1       1 T0526+24       0    0.0157538      7.58273      1.65534      8.66058 T0526+24      181.355     -5.19333       0    0.0358867      7.48929      1.96520      6.97857
40        8       8 T0629+10       0   0.00397600     0.155454     0.630599      3.87684 T0629+10      201.532     0.507878       0    0.0112695     0.325568     0.974550      4.02991
41        8       8 T0629+10       0    0.0384279      3.13396      1.00637      2.10813 T0629+10      201.532     0.507878       0    0.0769122      4.16952      3.17110      4.76118
42        8       8 T0629+10       0    0.0167906      1.46804      1.43008      2.56956 T0629+10      201.532     0.507878       0    0.0206143      1.29878     0.803259     0.500000
43        8       8 T0629+10       0     0.160293      3.61250     0.609592      2.98251 T0629+10      201.532     0.507878       0     0.214671      3.55374     0.602292      3.44169
44        8       8 T0629+10       0    0.0813624      4.61572     0.784199      2.42679 T0629+10      201.532     0.507878       0     0.100450      4.64139     0.358576      3.08369
45        8       8 T0629+10       0    0.0750561      6.08951      1.04348      3.69899 T0629+10      201.532     0.507878       0     0.101100      6.09791     0.643963      3.23154
46        8       8 T0629+10       0    0.0372524      6.99305     0.492301      3.97260 T0629+10      201.532     0.507878       0    0.0744161      6.92949     0.640751      2.67129
47        8       8 T0629+10       0    0.0174059      7.90485     0.826374      3.60246 T0629+10      201.532     0.507878       0    0.0295316      7.95386     0.710797      2.23428
