round patches, NSIDE = 2048, resolution = 1.7', beam = 3.5', dbeam = offset = 3.5/60./2., fukui_cf  = 2.10e26, fk_fact_err = 0.0 #unknown
#  src		nhi_f	er	nh	er	nhi   	er 	er	WNM	CNM	fk/hl	pl/hl	OH    Nhi_thin
		[1e20]	[1e20]	[1e20]	[1e20]	[1e20]	%	[1e20]	[1e20]	[1e20]			      [1e20]
=======================================================================================================================
0  3C18		21.711	0.2967	15.2038	4.0299	5.98	0.0	0.9467	0.75	5.23	3.63	2.54	1.0	5.08
1  3C33		4.518	0.0639	3.1638	0.8387	2.78	0.0	0.0426	1.14	1.64	1.63	1.14	0.0	2.77
2  3C64		13.0872	0.2273	8.7775	2.3538	6.33	0.0	0.1763	3.42	2.91	2.07	1.39	0.0	5.96
3  3C78		25.1121	0.41	14.2359	5.0895	10.07	0.0	0.4623	4.25	5.82	2.49	1.41	0.0	8.89
4  3C98		28.1381	0.3464	15.9513	5.7003	11.02	0.0	0.4088	4.92	6.1	2.55	1.45	0.0	9.73
5  3C109	75.317	0.969	42.6967	15.2587	20.82	0.0	0.9971	5.31	15.52	3.62	2.05	1.0	13.72
6  3C120	54.6466	0.7779	30.9788	11.0726	15.94	0.0	1.8714	8.04	7.9	3.43	1.94	0.0	9.25
7  3C132	64.6047	0.7179	36.624	13.0863	23.81	0.0	1.2848	16.16	7.66	2.71	1.54	1.0	19.66
8  3C138	44.2246	0.5345	25.0707	8.9589	19.85	0.0	0.9889	9.16	10.7	2.23	1.26	0.0	17.17
9  3C142.1	43.9604	0.5731	24.9209	8.9062	21.96	0.0	2.3047	13.85	8.11	2.0	1.13	0.0	16.91
10  P0531+19	45.0478	0.4744	25.5373	9.1244	23.84	0.0	0.6471	14.3	9.54	1.89	1.07	1.0	21.86
11  3C192	8.3901	0.0874	6.1466	1.7033	3.97	0.0	0.0434	3.5	0.47	2.11	1.55	0.0	3.89
12  3C237	4.4069	0.0525	3.2285	0.9445	2.2	0.0	0.0792	0.65	1.55	2.0	1.47	0.0	1.96
13  3C245	4.7314	0.0541	3.4662	0.9607	2.04	0.0	0.0346	1.55	0.48	2.32	1.7	0.0	2.09
14  P1055+20	2.4623	0.0509	1.8039	0.5009	1.56	0.0	0.0355	1.2	0.36	1.58	1.16	0.0	1.54
15  3C273	2.7393	0.0771	2.0068	0.5893	1.93	0.0	0.0198	1.43	0.5	1.42	1.04	0.0	1.99
16  3C274.1	5.0577	0.0403	3.7053	1.0265	2.35	0.0	0.0351	2.06	0.3	2.15	1.58	0.0	2.24
17  3C310	7.3772	0.1448	5.4045	1.5004	3.71	0.0	0.0953	2.6	1.11	1.99	1.46	0.0	3.42
18  3C315	8.2085	0.1031	6.0136	1.667	4.76	0.0	0.3821	2.54	2.22	1.72	1.26	0.0	4.04
19  3C318	9.569	0.1584	7.0103	1.9448	4.75	0.0	0.152	3.01	1.74	2.01	1.48	0.0	4.14
20  3C333	11.8049	0.2078	8.6483	2.3997	5.09	0.0	0.334	3.99	1.1	2.32	1.7	0.0	4.43
21  3C348	12.2926	0.122	6.9686	2.4897	5.7	0.0	0.159	4.15	1.55	2.16	1.22	0.0	5.2
22  4C13.65	23.9803	0.3133	13.5943	4.8583	9.18	0.0	0.136	7.72	1.46	2.61	1.48	0.0	8.51
23  3C409	92.7146	1.214	52.5593	18.7838	25.79	0.0	1.1212	19.73	6.06	3.59	2.04	1.0	20.81
24  3C433	17.3255	0.2136	9.8217	3.5098	7.89	0.0	0.1478	5.06	2.83	2.2	1.24	0.0	7.65
25  3C454.0	8.4811	0.1295	5.7694	1.6508	5.37	0.0	0.1096	4.13	1.24	1.58	1.07	0.0	5.19
