#	src	       N(HI)hl  wnm     cnm    er_nhi   er_cnm
			[1e20]		[1e20]		[1e20]
=====================================================================
0	3C18		5.98	0.75	5.23	1.3582	1.3021
1	3C33		2.78	1.14	1.64	0.071	0.0232
2	3C64		6.33	3.42	2.91	0.2802	0.2042
3	3C78		10.07	4.25	5.82	0.8474	0.7323
4	3C98		11.02	4.92	6.1	0.7369	0.641
5	3C109		20.82	5.31	15.52	1.8904	1.1341
6	3C120		15.94	8.04	7.9	3.4703	1.6677
7	3C132		23.81	16.16	7.66	2.474	1.7757
8	3C138		19.85	9.16	10.7	2.2401	1.6922
9	3C142.1		21.96	13.85	8.11	3.2737	2.5988
10	P0531+19	23.84	14.3	9.54	1.1851	0.9694
11	3C192		3.97	3.5	0.47	0.0747	0.0285
12	3C237		2.2	0.65	1.55	0.1138	0.0396
13	3C245		2.04	1.55	0.48	0.0487	0.0262
14	P1055+20	1.56	1.2	0.36	0.0632	0.0305
15	3C273		1.93	1.43	0.5	0.036	0.0164
16	3C274.1		2.35	2.06	0.3	0.0739	0.0273
17	3C310		3.71	2.6	1.11	0.1795	0.1013
18	3C315		4.76	2.54	2.22	0.7125	0.2676
19	3C318		4.75	3.01	1.74	0.2769	0.1984
20	3C333		5.09	3.99	1.1	0.4561	0.3239
21	3C348		5.7	4.15	1.55	0.2748	0.2087
22	4C13.65		9.18	7.72	1.46	0.2941	0.1944
23	3C409		25.79	19.73	6.06	2.7594	1.9927
24	3C433		7.89	5.06	2.83	0.2766	0.2108
25	3C454.0		5.37	4.13	1.24	0.219	0.0619
